nums
0.7
6.0
7.0
5.4
0.5
0.0
7.0
17.6
7.0
15.9
11.7
7.0
7.0
6.9
17.3
7.0
7.0
7.0
8.1
7.0
7.0
7.0
7.1
7.1
6.8
7.4
7.0
7.0
7.0
0.0
7.0
7.0
7.1
7.0
7.0
7.0
7.1
6.6
6.7
7.0
7.1
7.1
7.0
0.0
11.8
7.0
7.0
0.1
7.0
0.0
10.3
7.0
7.0
7.0
7.0
7.0
21.3
7.0
0.0
7.0
15.9
6.5
0.1
7.0
7.4
6.0
0.8
7.0
2.4
7.1
7.6
7.1
6.7
7.0
7.1
6.0
7.0
6.8
0.0
6.3
5.9
0.0
9.9
7.0
6.2
5.6
6.4
7.0
0.1
8.3
0.0
6.5
7.9
6.6
7.0
6.9
5.6
7.0
6.0
4.4
4.0
0.1
0.0
0.1
7.0
0.0
5.9
5.6
7.0
1.6
0.0
0.2
0.0
7.0
5.2
0.0
7.1
5.8
7.0
7.0
4.3
5.7
0.0
7.0
2.6
5.5
7.0
7.0
3.9
7.0
7.0
2.9
0.3
7.0
0.0
0.1
0.2
4.5
6.1
1.5
8.0
5.6
7.0
5.6
3.2
0.1
3.5
5.7
1.2
0.1
0.0
6.8
0.1
3.6
0.0
7.0
5.4
7.0
6.0
7.4
6.8
2.8
7.0
3.5
22.4
5.9
6.7
0.2
5.6
6.9
2.0
0.0
7.0
2.8
7.0
0.0
7.0
1.5
6.7
2.5
0.1
0.0
0.1
0.2
0.0
1.1
14.5
4.4
0.0
1.6
0.0
0.0
5.8
12.0
0.2
0.0
0.0
0.1
8.2
8.7
6.9
0.0
1.3
6.6
3.0
0.1
9.2
0.2
0.1
7.0
0.0
7.5
8.0
7.4
26.7
3.6
1.6
8.7
3.9
0.0
4.2
0.3
5.1
0.2
0.0
0.2
0.3
0.2
2.2
1.7
0.0
0.0
6.7
0.2
6.0
6.0
0.0
7.2
6.9
0.0
5.7
2.2
0.1
0.1
5.6
1.4
7.0
5.6
0.1
7.0
7.2
6.0
3.4
6.0
6.0
7.0
7.0
6.0
5.6
2.9
6.0
6.0
0.1
11.5
6.2
6.0
0.2
6.0
6.0
6.5
6.0
8.5
6.0
6.0
6.0
13.0
6.0
6.0
6.0
6.0
7.7
6.0
6.0
8.2
6.0
5.6
6.0
6.0
6.0
6.0
11.9
0.0
2.7
5.8
6.0
6.0
8.7
6.0
6.0
0.0
6.0
6.0
5.6
0.0
7.0
4.2
9.9
6.0
7.5
6.0
6.0
7.0
7.0
6.0
1.2
6.0
5.5
6.5
6.0
0.0
6.9
6.0
5.0
0.0
6.0
6.0
4.2
5.6
3.4
3.1
10.6
6.0
6.0
11.4
10.0
7.4
3.1
4.4
8.6
11.4
4.0
6.2
5.8
6.0
6.0
6.0
6.0
9.6
6.0
6.0
2.6
7.0
6.0
6.0
6.0
0.0
10.0
5.5
2.2
11.6
4.9
5.6
6.0
6.0
5.1
18.5
9.1
7.0
6.0
6.0
6.0
7.5
15.0
6.9
6.4
8.7
2.0
5.0
6.1
7.0
0.0
3.9
18.8
0.0
0.0
6.0
27.5
7.4
10.1
7.5
0.1
7.0
0.1
25.0
0.0
32.9
4.5
0.0
29.4
0.0
0.3
7.0
6.0
3.7
1.9
0.0
0.6
1.7
6.0
5.9
7.0
2.8
6.0
6.0
6.0
8.2
7.2
5.6
0.0
0.6
0.0
0.0
0.0
8.3
9.2
7.6
13.3
5.4
11.5
0.0
0.0
0.1
8.8
6.0
17.4
0.0
6.0
7.0
0.0
5.6
4.3
10.4
7.4
27.2
5.8
6.0
7.0
3.3
1.4
0.1
6.0
6.0
9.0
0.7
8.7
9.2
7.0
6.0
6.0
11.4
5.7
7.0
18.1
0.0
1.4
6.9
13.7
0.0
0.0
4.2
5.6
5.7
6.0
3.9
7.1
0.0
3.4
0.1
0.0
5.6
6.0
7.5
14.0
6.0
7.0
17.1
18.4
23.1
0.0
10.2
17.9
7.7
0.0
7.2
18.8
6.0
16.0
5.9
12.0
0.0
0.1
6.0
0.1
6.9
21.9
0.2
6.0
7.6
6.0
6.0
5.2
6.0
6.6
0.0
0.1
0.0
0.0
5.8
10.6
6.0
10.0
0.0
0.0
6.0
6.0
6.0
6.0
3.5
6.0
0.0
12.5
7.0
0.1
6.0
6.1
17.0
6.9
6.9
6.0
3.4
6.0
6.0
0.0
6.0
7.8
2.3
0.1
9.0
0.0
8.1
6.9
6.0
9.8
15.5
6.0
0.1
6.0
6.0
6.0
6.0
6.0
6.0
0.0
6.0
6.0
18.2
6.0
6.0
6.0
6.0
6.0
6.0
6.0
17.0
7.0
3.7
14.6
10.2
6.1
5.3
7.0
11.0
5.0
6.0
14.3
6.0
3.3
21.2
6.6
6.2
19.6
6.0
0.0
0.0
7.0
7.4
0.4
8.4
0.0
41.5
