nums
7.078
5.607999999999999
5.995999999999999
5.768
6.942
5.403999999999999
6.698
6.132000000000001
6.265999999999999
6.382000000000001
5.019999999999999
5.586
5.719999999999998
5.573999999999999
5.493999999999999
4.975999999999999
6.5520000000000005
5.073999999999999
7.14
5.575999999999999
5.9499999999999975
5.821999999999999
5.330000000000001
6.465999999999999
6.026
5.58
7.651999999999999
5.769999999999999
6.43
4.9559999999999995
6.55
5.547999999999999
6.16
4.653999999999999
5.541999999999999
5.236000000000001
4.428
5.6599999999999975
7.341999999999998
5.633999999999999
5.06
6.346
6.37
6.5699999999999985
6.346
5.531999999999999
5.806
5.629999999999999
5.468
6.595999999999999
6.261999999999998
5.514000000000001
5.9639999999999995
5.642000000000001
5.297999999999999
5.7799999999999985
6.938
6.020000000000001
6.708000000000001
5.075999999999999
5.848
5.817999999999999
6.195999999999999
5.119999999999999
6.041999999999999
5.33
5.1179999999999986
7.2
5.936
5.804000000000001
5.468
6.9559999999999995
6.175999999999998
4.7959999999999985
5.212000000000001
5.207999999999999
4.553999999999999
5.555999999999999
5.974
5.016
6.093999999999999
5.358
6.31
6.1160000000000005
5.26
5.983999999999998
5.662000000000001
5.521999999999999
5.716
5.585999999999998
5.497999999999998
5.543999999999999
5.949999999999999
5.678
4.343999999999999
6.095999999999999
6.3919999999999995
6.0440000000000005
5.879999999999999
6.511999999999998
5.69
5.168000000000002
5.544
4.797999999999999
6.824000000000001
6.044
5.987999999999999
6.127999999999999
6.553999999999998
5.678000000000001
4.809999999999999
6.068
5.343999999999999
5.661999999999998
6.85
5.871999999999999
5.505999999999998
7.062000000000001
5.96
5.206
4.198
5.718000000000001
4.957999999999999
6.222
6.074000000000001
4.4239999999999995
5.956
4.992000000000001
5.618
5.718
5.611999999999999
5.821999999999999
4.9319999999999995
5.0040000000000004
6.297999999999999
6.172000000000001
6.422000000000001
4.8420000000000005
5.808
5.63
6.315999999999999
7.037999999999999
5.768
6.4559999999999995
6.9879999999999995
4.848
5.962
6.1579999999999995
5.341999999999998
6.66
5.672000000000001
5.755999999999999
4.76
5.160000000000001
4.936
6.001999999999999
5.445999999999999
5.219999999999999
5.917999999999999
6.831999999999999
5.247999999999999
5.3759999999999994
5.093999999999999
6.9739999999999975
5.151999999999998
5.621999999999999
5.938
6.601999999999999
5.427999999999998
5.956000000000001
6.52
5.901999999999999
5.101999999999999
5.4159999999999995
6.042000000000001
5.8660000000000005
6.3839999999999995
4.871999999999999
5.901999999999999
6.902000000000002
5.058
5.944000000000001
5.426
5.957999999999999
5.15
5.739999999999998
5.342
5.646
5.8340000000000005
7.070000000000001
4.877999999999999
5.602000000000001
5.337999999999998
6.984000000000001
5.855999999999999
5.946000000000001
5.176
6.0779999999999985
5.513999999999999
4.393999999999999
