nums
151.2244
118.5474
36.5149
115.08
99.7285
69.6592
87.821
102.4847
90.8304
104.7151
116.9581
58.5591
82.0373
116.9044
130.0683
113.0457
134.4483
114.4386
84.855
75.4442
143.4599
73.7338
136.38
94.3138
84.0265
111.6618
117.9961
63.5951
95.9124
101.9763
92.7794
133.4619
95.3319
104.6895
127.7042
120.0808
111.2411
80.1119
126.4286
95.1222
116.9491
139.4672
98.3955
122.1378
86.5161
129.5258
109.1968
129.3842
109.9841
100.3314
84.1198
120.6849
53.8866
68.2911
117.5924
97.6458
141.4689
117.6733
117.6889
92.51
121.1315
72.2502
112.9388
156.2349
90.9492
116.7321
126.5137
111.8525
107.8151
102.4982
117.3483
108.2272
157.2598
95.0783
111.6369
110.8092
104.3545
61.8853
101.5921
60.7639
90.4419
116.1178
100.1704
66.2877
73.0815
84.8614
117.9868
112.4237
98.2002
85.9527
86.4907
123.1126
128.1004
105.6648
64.4693
97.8886
90.7989
104.9436
111.8078
95.6321
103.5694
97.1286
103.1524
150.2345
129.8687
105.2132
113.9466
105.3714
90.2894
98.8273
102.0156
115.4865
87.3934
95.1631
113.3993
103.4503
112.1596
58.7877
93.3681
76.4382
76.9417
114.9806
133.3088
63.4656
86.181
99.7783
127.5153
120.4191
129.0287
96.0173
117.8828
90.4035
107.8623
137.3195
121.1706
101.6451
111.503
112.1356
71.4835
107.6279
174.1436
115.3077
128.5477
103.5005
134.591
101.5862
114.9446
93.1674
82.262
96.4387
87.4214
124.4052
111.47
139.4487
123.8005
134.7148
108.1434
136.8989
128.0154
81.884
78.0251
90.4232
89.6847
97.6426
120.4913
102.2763
92.4282
83.7419
73.7198
148.1879
38.873
115.2476
102.1581
155.0701
108.5152
138.3827
84.5037
51.7014
132.91
126.1747
132.0859
119.6744
68.8066
81.8173
93.5555
102.8418
78.7991
109.0912
33.5226
103.4745
69.7698
104.8526
69.6
54.3739
71.9042
108.1462
98.8322
157.45
109.8681
123.8706
116.3467
52.091
112.0399
113.7842
104.5184
120.1899
33.533
81.8218
157.5576
67.6164
120.4213
110.2388
148.6939
87.6035
87.4649
110.1245
138.7429
134.9365
131.7593
103.742
88.0458
93.1485
110.5097
113.0589
65.7102
142.9131
98.2056
87.2584
120.0987
31.6403
105.763
133.4564
111.8327
114.9212
127.1339
119.6885
95.6246
103.7657
135.3335
96.6282
140.4959
147.4013
134.3612
111.3597
62.2963
89.0767
114.2329
78.5118
97.3691
94.4196
96.938
127.2554
100.8076
85.1849
100.5058
102.7691
74.3753
134.3437
103.1917
129.7416
103.3285
78.9773
76.579
101.1491
92.0575
99.7152
133.303
164.5374
84.3974
125.0362
106.136
75.2424
98.3435
103.1097
103.6645
120.3289
98.0311
117.7081
104.352
118.9625
72.3507
121.6038
85.238
59.0407
128.4225
78.6713
95.9865
73.4752
121.0597
80.8032
130.0828
107.0345
118.3709
119.4524
113.726
71.5719
84.4715
103.6582
105.3903
81.9343
82.2472
70.7978
96.931
141.222
120.7169
103.7543
142.3664
100.8833
91.7368
87.2993
50.9382
118.8179
99.0021
69.8667
101.2042
113.6899
94.2537
92.6683
128.4098
117.6556
118.3824
140.9138
131.2182
128.3644
118.8939
89.3912
122.4426
82.0611
99
116.3217
153.7383
92.5041
97.4546
79.5242
108.0308
98.5395
72.1822
87.4143
141.5431
121.1536
115.7806
69.4386
130.2841
120.0161
102.8588
91.1998
120.678
87.9961
77.2897
84.7981
89.9204
101.4207
90.3965
120.8188
69.1071
78.6923
115.0532
48.4613
136.7021
58.2392
83.5145
87.1863
111.1696
130.6587
77.1488
68.3782
71.1342
53.1567
100.69
96.3257
78.9098
108.945
75.6444
111.1805
105.1791
95.1041
103.2496
92.5466
99.6778
81.0505
104.7643
89.6804
98.105
125.1083
120.649
88.5486
92.4147
128.3851
103.7098
81.8729
105.0066
126.1125
144.7349
89.7051
101.3953
102.2455
120.983
70.2793
112.9208
85.2693
83.5319
74.4025
89.7467
133.3457
53.6386
101.4215
108.5224
90.547
83.9793
133.6489
90.1719
73.4872
94.2461
130.9184
144.1075
110.9628
104.2298
88.8714
78.9902
94.2324
50.542
91.8945
80.2895
129.2611
38.119
120.088
101.2677
81.7318
69.3676
134.9458
63.7167
96.1228
114.4574
91.033
105.8033
96.1069
89.9876
84.3772
97.7432
130.8389
83.6753
98.1089
92.979
84.8072
90.0223
97.1561
110.2176
80.9461
135.0663
61.3838
92.8181
91.2546
117.1812
80.7042
75.3188
104.1579
91.0685
99.3427
109.9691
87.8424
76.1202
63.2488
113.0373
100.6524
101.1814
114.5144
99.8423
54.4297
87.5778
81.0656
96.0979
109.9769
97.8705
91.3832
127.9007
81.9889
119.4385
114.1342
87.269
93.3237
107.3213
106.8144
108.5344
84.2344
57.0489
115.3897
71.8156
88.132
124.6665
104.7514
94.7404
82.3652
63.7044
78.8364
96.5698
151.2952
95.8458
96.282
53.0288
93.1421
110.0722
89.5815
124.7444
132.9083
137.0992
65.6321
86.6521
143.6549
110.327
81.7134
168.1879
102.1665
83.7
99.5389
93.4529
82.6444
105.0085
116.3381
58.1977
98.3748
98.5529
86.9589
81.5686
90.411
84.3838
72.1397
92.6765
98.4377
77.4769
75.581
108.3908
110.0963
80.9991
80.3853
75.1511
99.0597
90.4489
63.002
109.2353
108.6824
138.2326
68.742
95.0669
93.1834
80.8282
41.1503
91.2269
58.3943
122.1367
24.5988
69.7511
107.7938
88.2137
44.8882
114.9877
77.045
93.4161
118.0476
92.0861
84.2831
132.749
42.5865
114.6556
92.0377
23.2843
51.6323
99.1327
121.0742
125.0056
101.9973
126.1024
104.0737
115.2143
127.9862
118.9395
93.8494
136.9846
116.1876
116.4798
97.8459
92.9647
79.1405
71.6839
116.648
81.5716
147.5867
123.191
87.9006
82.8412
70.8059
60.4638
67.6585
74.7451
106.9055
93.0675
116.9494
124.1189
96.1335
124.5387
134.779
158.747
131.8656
108.1427
88.2548
106.2479
118.3018
43.2601
151.274
106.8444
90.5553
94.3505
61.615
91.754
107.162
111.3598
85.9018
82.9266
96.4201
107.7211
94.889
120.1369
106.4957
102.1394
69.458
80.4466
94.3201
85.2041
116.5913
123.5092
103.9459
106.9358
98.8792
143.9758
145.2333
95.4113
109.4459
113.2655
45.014
110.4901
120.9898
74.5785
96.8393
103.6335
84.9347
103.3797
79.7747
100.7582
114.2313
102.5685
115.7558
100.112
136.523
145.1543
113.0118
100.0011
92.6977
90.7909
77.0029
105.7121
107.5172
106.8219
63.5372
136.6727
116.4418
97.2583
112.5779
99.9458
49.4885
84.6507
73.7394
101.1769
63.3521
127.4633
47.8082
96.6149
85.9222
83.527
100.6666
107.8863
115.2781
50.0105
127.4896
115.2198
94.6719
125.1349
84.5924
158.4328
64.3035
108.2155
162.8978
105.3852
118.9485
131.8538
129.14
85.2262
97.7905
130.7025
76.665
75.7265
103.3118
73.6561
118.3121
90.9507
83.3163
115.8056
86.4213
62.1977
106.6124
74.0105
95.0327
99.8294
89.2707
58.3759
83.78
89.0114
96.6653
109.6961
118.784
114.6474
113.4623
163.8459
111.6906
119.9252
107.6047
84.5179
100.2384
125.2575
62.1026
117.4999
64.6971
99.9813
76.3379
109.4987
96.0846
104.7613
63.7556
111.7085
80.8323
93.3861
101.7691
96.2968
103.4732
128.7099
104.6999
88.215
108.9825
68.6032
61.7995
87.3959
118.0141
126.4407
114.5409
119.5256
79.0532
95.533
120.5391
114.9461
76.708
101.9738
89.0929
61.0208
74.9735
88.584
81.0667
70.6627
96.4471
52.7586
138.9255
101.6704
127.9576
120.5285
112.2566
142.1276
107.7422
77.3146
91.5146
37.9145
108.9102
92.9891
117.0423
108.8167
88.6504
59.9427
77.6972
96.9501
82.1204
93.1283
104.3502
78.397
65.0127
79.0182
141.4472
80.9298
87.9872
35.2172
132.3333
105.658
91.7669
124.0831
125.0533
100.294
91.1158
144.7987
148.2367
51.6013
78.6951
108.3659
81.4091
97.2635
69.1752
78.8308
88.5579
59.4861
134.6753
78.3367
68.8236
80.8813
142.5246
49.4559
103.7729
118.1784
61.1091
79.4715
102.8579
111.0715
49.5895
98.6338
94.9965
110.4764
82.5867
106.2261
147.0703
112.1286
100.5267
77.823
110.0633
62.6346
118.9693
103.2871
155.0935
46.2832
147.5373
156.4676
86.2018
122.1377
65.7793
117.1957
71.1239
88.1532
52.1299
83.4436
137.3081
114.4047
109.0455
109.9549
88.2353
134.6255
118.1304
134.648
134.2531
114.0157
106.7172
146.499
137.7625
58.6364
83.1956
95.9483
134.395
91.5439
122.259
60.1739
132.9047
91.0791
145.0565
125.7825
124.859
100.6914
130.9361
61.2195
84.0514
146.7714
135.7593
115.5641
57.1278
91.8062
58.8399
65.5862
51.1744
106.5264
104.7583
60.934
105.9028
65.9197
68.5017
49.3497
143.0227
150.7679
75.9504
49.2709
112.6819
83.7345
87.8521
160.3839
51.0483
83.3593
95.8803
103.2983
57.137
109.4089
93.2037
129.2529
96.5058
103.6647
104.7426
103.6717
88.3021
113.0374
74.1595
89.3668
107.5109
122.7091
118.1441
124.8987
43.5478
93.7081
60.1222
94.6314
23.5733
136.6618
105.6408
94.008
97.8722
74.4462
122.7619
85.6417
93.6859
113.2798
115.754
75.1453
124.938
84.1344
120.0716
92.6695
108.0968
101.1163
94.1983
61.9304
65.1956
111.3704
102.3047
71.9777
122.2994
70.2442
54.5495
128.738
139.0884
104.7494
77.1787
72.7357
79.5792
79.0868
66.1955
114.4508
94.4726
129.3759
88.5811
72.3711
124.7683
138.8823
132.4209
91.1834
111.9256
114.6494
111.6561
81.4921
77.4171
95.4807
126.4201
144.6683
83.3314
138.6951
89.0307
96.6711
72.9801
130.6012
103.8952
129.4411
102.4705
141.2424
96.815
113.8546
120.6681
98.0391
76.2984
84.805
66.0202
107.1323
71.113
105.0864
91.3764
69.9492
129.0238
122.956
147.8123
139.405
112.8567
141.1335
92.7611
96.4549
112.6851
72.7086
96.7962
112.2845
62.3776
98.7366
116.323
144.1603
103.6665
87.5884
75.2416
118.568
120.0069
101.8994
107.5986
139.6499
99.4855
81.8121
89.6538
83.223
94.8228
112.5374
90.5643
79.4359
72.4823
101.7884
79.4926
96.7457
88.3027
75.7377
115.7393
125.7862
96.6619
77.0316
143.4203
103.3456
77.393
79.7932
109.8549
89.6464
135.8258
101.0517
87.1862
60.6644
118.2059
101.8334
91.9807
83.2678
99.3822
54.0264
102.11
131.4451
72.9875
56.3975
96.8676
76.5002
102.5608
79.4313
120.2758
136.962
128.315
122.8633
102.9342
88.1294
108.3214
90.9314
99.0287
104.9916
98.8644
127.4485
77.4742
127.3856
161.5324
115.1965
107.6224
111.9516
110.0445
90.7857
109.8613
79.4592
64.6942
86.7045
113.7534
86.7845
90.2415
77.0536
58.0127
85.0116
93.2613
104.5357
104.4473
92.2848
126.503
73.6539
127.7853
81.3974
94.1054
75.5142
49.1602
73.3619
97.7382
117.8956
98.7265
111.7748
72.1947
99.3954
121.3715
68.9715
151.2113
78.3943
113.7137
48.2073
94.8736
98.8158
43.3521
104.4482
85.9061
88.1073
104.6363
69.3087
140.1983
106.7609
143.4521
60.0389
109.9759
95.0896
119.2791
38.6076
108.8836
100.5228
28.6945
93.5487
137.8107
76.2658
69.9695
98.3027
102.9519
81.0956
116.5563
100.5165
93.835
110.4088
86.0252
87.815
111.1758
110.7933
124.0894
102.3425
100.3981
95.455
103.3531
89.8555
116.3571
72.2125
81.7373
102.346
109.1877
97.1871
130.1624
94.3734
74.0634
84.9458
26.0158
91.2551
105.3529
90.645
85.0061
92.4151
105.0963
106.1009
99.4576
101.0557
139.8831
66.8729
111.6854
118.0385
34.5885
112.6062
136.4482
135.2674
93.9061
45.3746
137.1342
95.7831
73.8485
119.7259
78.7076
76.7636
87.7044
150.2514
102.6586
105.3924
85.2152
113.6392
131.2528
144.3108
120.4453
60.7731
60.1096
124.1353
113.1787
87.6368
80.5124
134.804
59.8101
99.9815
80.7145
113.7465
65.3191
102.8124
57.5856
112.1679
95.185
90.3507
117.449
87.6236
129.2375
89.9539
57.7876
99.566
110.8063
129.2533
66.2418
96.8279
117.6928
98.4598
61.9286
72.836
102.0386
84.9147
108.4354
61.6666
117.3064
132.2063
132.3425
147.8224
102.6805
113.6204
157.8735
93.7843
93.1241
122.5162
127.9038
102.8108
66.1899
81.039
107.6342
143.9703
132.9256
105.7742
135.3703
118.1661
83.9756
100.7148
94.7686
82.0547
63.399
47.1513
74.4399
109.1383
95.8179
88.1371
111.0167
109.4275
116.4654
59.9072
98.4618
128.2213
107.0994
114.6152
104.2896
98.1092
144.8121
65.3356
66.3695
121.359
64.4112
49.8727
89.4571
121.2092
102.5575
58.7474
91.3336
90.8734
93.1718
87.5002
95.0905
84.4166
71.5768
79.418
81.5865
117.4443
101.4027
121.2613
67.0553
138.3888
48.787
127.2359
110.5143
120.7104
104.7244
129.8351
92.3762
108.4023
90.8347
140.2115
135.5301
50.3601
105.6421
79.1058
114.7729
96.1762
129.8503
92.2236
123.1153
94.0558
95.3623
125.5606
106.9615
108.9533
79.6279
119.386
83.4562
126.5173
97.051
108.6174
101.8781
81.7836
132.9627
77.5529
87.6836
98.3483
113.8989
117.5639
158.2315
102.1646
76.4746
88.6132
126.5353
104.2687
115.5775
146.8155
126.3039
139.0902
123.0862
117.6749
83.9243
118.9816
70.3452
108.3763
92.1692
71.6003
106.1043
111.2737
129.8297
112.725
149.2743
107.3756
145.5498
57.8027
87.4084
76.897
73.4054
85.0494
132.4359
131.9304
138.0771
86.1546
70.1644
115.6601
91.7864
121.5392
75.6778
104.1413
66.5158
63.7286
102.1003
113.5133
101.013
83.286
112.2072
87.0097
106.7052
116.1033
141.7641
81.0527
116.4454
98.2821
148.9942
74.794
116.383
66.2289
156.9904
124.5561
83.1825
108.6613
116.2567
106.9847
47.5838
69.5133
103.6204
101.6405
108.3498
116.6248
70.5648
105.2494
100.6648
65.2578
74.8995
114.0573
68.1095
148.1819
110.562
91.1243
93.4328
106.1248
109.0935
113.1764
118.6169
141.697
80.9136
133.6702
91.0176
137.3228
55.8238
129.1992
150.8956
123.649
113.6487
128.1767
129.2155
55.0421
85.0474
129.9519
57.2141
100.6832
135.9924
149.2647
81.0075
139.1532
95.2116
101.1623
125.5273
88.2456
77.4432
91.9971
91.3957
135.6932
88.8382
99.484
105.5717
66.0141
101.175
99.8164
118.3745
100.8273
105.3293
85.1617
118.225
106.5692
86.1117
76.7597
133.5641
107.5073
126.0957
120.3158
65.8768
92.3993
129.1088
106.7919
133.6764
69.3221
95.3152
122.7503
130.8902
149.9054
105.0066
87.2097
98.693
111.6907
42.5982
113.0663
76.8873
68.1667
98.4743
115.3743
79.7896
73.2245
89.4387
112.9482
135.9195
121.9376
116.6696
107.2073
110.8107
111.3557
80.2225
87.2517
84.5093
98.7819
65.0716
134.7806
119.1156
90.6594
65.7048
57.1983
100.5016
140.4191
141.3256
81.9438
94.2544
69.0785
84.8096
118.8182
102.0222
70.0798
118.1258
106.6995
76.3738
130.9051
126.8622
149.6704
96.6764
73.4703
51.496
132.6309
99.8375
94.6395
123.0983
70.8944
82.5058
99.7744
50.9442
103.3409
104.5274
109.9032
91.8707
80.4297
114.7249
109.4782
121.1951
77.8543
60.5062
81.0281
107.8651
128.4922
106.1892
109.1087
114.533
78.8526
114.8092
106.3749
115.7372
162.2829
130.8812
99.0626
93.5275
93.4884
99.4487
71.5402
112.9911
136.539
87.1846
87.8706
118.9992
132.0998
52.8161
115.7653
79.8808
83.7301
86.9317
86.6602
96.9567
132.1153
133.0239
90.1957
73.2952
85.3391
81.98
86.6288
138.4201
92.1871
98.7444
127.4636
99.8067
64.7771
77.4619
124.7849
57.8197
81.784
136.8965
105.2156
126.0086
63.2832
80.5165
127.9368
99.7504
67.3891
67.74
97.5173
68.9815
58.3471
83.5277
91.6681
120.4828
159.4828
115.0812
69.7975
96.6872
125.681
94.1083
111.1122
92.6356
80.413
99.0748
103.4321
96.1362
148.9411
92.1401
104.5717
141.9933
109.1175
91.7735
108.4302
160.6171
80.1565
77.2461
88.1065
92.6626
146.9255
125.0409
154.2586
93.8364
125.2484
113.8854
138.9501
98.1877
92.1495
107.5375
155.3606
57.0767
110.2511
148.5376
73.5737
102.2858
136.9531
142.8773
128.635
88.1931
109.5281
67.2795
103.0079
112.9874
79.1473
114.7791
83.3344
123.7823
126.8394
109.7679
77.1472
147.899
123.5718
91.4382
43.2513
103.9055
87.0382
125.5803
121.2448
102.7756
121.1944
127.6335
111.009
81.0148
56.8855
92.2317
76.7117
124.1632
117.8933
137.5367
100.3531
126.715
146.314
103.0089
134.3213
109.1331
128.9313
122.2695
162.493
103.5067
96.4577
82.6278
93.0657
51.6657
123.3386
110.4123
119.5083
166.0441
58.3034
133.7095
112.5985
89.853
83.7551
81.7772
88.8099
105.3037
100.1865
135.8287
90.397
94.5482
113.8577
82.6619
120.3533
94.2507
102.7877
161.4607
102.8288
91.9881
147.172
80.6765
103.2981
96.7489
93.0207
95.2734
120.3921
81.731
91.3186
57.8706
89.3567
134.1089
106.8058
83.8385
143.868
116.3528
91.0749
97.3217
109.941
94.9502
104.5812
120.984
100.1827
106.1795
128.1178
79.0071
121.6485
148.9749
90.7245
79.4675
99.5281
49.5167
102.403
96.5696
54.0809
88.3876
103.6863
131.7684
85.8446
53.2346
117.7025
58.5845
102.5785
115.807
87.2109
88.0701
132.9744
113.8818
137.2253
111.0217
141.7853
101.032
88.6733
121.6405
84.5787
61.8305
74.1601
77.3385
121.4664
70.1754
103.8702
79.2892
88.69
83.2791
72.9028
97.7638
97.375
70.4675
112.1045
114.6625
142.5875
106.0576
86.496
70.4728
99.3889
107.4025
96.974
119.0471
115.867
101.0819
101.6835
138.9006
129.4064
116.626
80.637
89.9518
102.8443
105.2654
64.4379
75.6956
114.4597
100.9661
67.9978
102.6118
120.0441
81.1873
78.7281
114.7799
75.6077
119.5266
149.154
164.1447
142.3578
104.4803
97.3702
117.074
118.2814
88.6641
102.3375
94.5129
98.8448
84.4696
72.0435
104.6049
160.5657
134.608
108.2699
91.9605
91.8188
126.5704
79.7167
106.7501
123.0686
118.8133
117.8267
120.8328
48.9924
66.8195
81.188
117.822
127.4979
113.3499
91.3757
76.8108
70.9602
61.501
60.7372
100.6904
105.6844
92.3975
122.13
135.1214
145.2274
76.0401
111.1848
139.8261
100.3106
104.8788
118.5196
78.8685
80.9291
134.9232
69.0171
85.6921
104.4427
66.2767
87.0726
105.9608
94.9018
107.4325
135.6309
102.2026
69.8424
151.1633
88.2646
110.8403
136.3776
101.7688
76.4547
102.1488
79.9328
130.7941
153.0814
89.1368
47.5857
120.9898
109.7675
121.2996
128.2968
67.7842
67.0024
77.4041
130.8214
99.358
88.2911
117.6265
78.6917
96.4206
130.4651
106.07
86.1977
135.6783
124.6051
45.8049
54.514
59.9478
80.9965
90.0716
106.584
86.1536
94.9987
121.609
105.8457
108.6817
92.6508
108.9666
113.2746
103.4415
123.7012
129.1882
110.8186
92.2566
130.8614
90.8887
103.0062
105.0558
113.6365
88.9815
108.0865
103.0617
85.7316
115.4976
106.039
85.8451
59.8875
105.9851
155.6348
118.6658
83.2528
69.0803
101.8842
119.5192
108.3431
116.3102
122.7137
115.68
68.5385
87.4227
121.4026
72.572
116.067
88.3526
97.4932
78.7849
77.1965
95.8206
64.2388
114.7109
122.2045
96.3368
101.9225
125.3272
100.4999
98.4603
73.1708
54.9895
107.4999
143.3014
89.5984
121.201
97.7286
57.7134
142.2137
101.2695
89.637
119.9266
109.5652
77.1374
81.1902
95.3865
54.8199
75.123
110.0413
89.0704
88.5261
109.4849
100.1843
137.246
104.6682
114.7554
122.9541
112.8199
93.3544
116.011
54.7267
118.1654
106.7308
89.5436
117.1815
137.2979
86.4661
128.0559
82.7149
90.7656
90.5613
131.3354
94.2438
81.2226
108.4148
109.8144
73.1062
90.2653
105.9126
93.5714
95.5221
81.231
98.8899
100.6873
94.8557
92.6664
103.1449
68.2226
100.7135
86.4562
129.779
78.4971
47.3252
102.7092
88.6146
90.6122
79.4408
75.8113
108.4903
107.5168
133.4799
113.0916
138.3978
147.5563
99.4428
89.0259
103.0361
111.3415
111.4109
64.4111
89.8185
94.0762
104.7194
110.0663
68.6244
141.4481
121.2091
88.893
103.6498
116.5922
102.4108
92.1732
128.967
70.5337
80.8129
137.5862
141.4158
106.8824
122.6337
101.1328
108.0272
127.9478
124.6379
95.5106
61.1769
131.9551
105.0563
88.6075
143.8108
77.0296
98.0195
85.5884
74.0862
78.5303
142.3171
52.7802
80.426
63.9697
76.4078
113.0719
146.0302
132.1667
77.7511
130.0584
134.6572
110.7669
74.3406
87.4059
174.4104
122.9306
106.5228
51.3975
117.1361
107.4199
112.2917
68.535
129.0744
73.5307
61.5416
65.4843
89.3923
103.0159
121.025
120.6215
106.8015
60.6352
58.2393
93.2847
116.8448
129.0969
117.3363
120.6301
62.7589
114.3018
63.3886
75.533
38.9738
92.4757
140.2794
85.7527
104.022
98.5831
66.0559
101.4734
135.785
129.7188
107.0161
91.5992
109.9582
102.5856
103.3354
50.123
132.496
97.493
54.6528
107.475
92.8006
69.1529
97.2848
130.0468
108.7468
93.6954
122.2297
90.2193
80.9094
110.0927
102.0136
120.0265
88.2126
122.9784
103.5869
60.9761
107.1874
150.4635
100.4069
130.5245
95.2409
103.4437
68.1136
99.1909
91.1993
117.6495
105.322
86.4419
68.4648
93.5506
152.8112
98.8354
81.549
101.9069
81.216
71.1407
77.1148
124.6802
107.0994
76.0395
81.4014
143.8565
91.7301
105.0499
113.9557
116.3157
81.7666
96.8275
103.4602
37.9186
144.6386
94.4735
119.5211
90.5034
97.4009
102.29
116.1502
72.6292
136.1081
91.4301
101.2236
134.3544
104.462
125.9552
84.7169
66.6653
119.6958
93.2465
77.8759
95.7141
30.8927
112.677
131.3471
88.6363
92.0962
73.8188
90.0378
101.577
89.3781
110.2626
96.9669
167.2442
97.7756
115.6303
43.4531
93.699
105.0989
83.615
128.2223
100.7796
108.7854
88.5762
71.9016
136.8421
105.2995
120.6518
111.103
96.4593
116.9016
53.1391
123.9967
127.0115
93.615
177.3296
137.1345
79.8442
122.7808
88.0893
48.4102
73.1776
53.1135
80.7006
102.0776
63.1145
145.3868
86.1704
80.8381
130.0358
90.3172
84.1532
103.6844
70.3244
82.1394
82.7826
142.1845
89.6034
76.5823
84.4272
66.6122
67.889
66.0163
131.4899
74.9777
75.7532
98.4781
82.3889
80.3846
104.1311
129.1918
105.0109
117.707
72.4287
138.9945
104.2693
117.4902
97.1796
72.9098
95.4453
75.5699
70.8381
81.7357
78.0072
72.9379
127.9771
134.1005
121.015
122.1942
119.3628
72.1774
94.9007
87.7939
124.0668
95.539
122.4869
86.1246
89.7796
111.3602
136.6966
141.9597
122.4899
87.2242
104.4885
110.4996
86.1445
87.6632
82.7475
34.4143
89.3482
150.8395
123.652
89.4208
140.286
101.2141
68.2086
88.9481
84.0559
100.1794
101.6223
118.7414
128.3897
150.6878
93.2789
120.2656
110.5475
130.9479
67.5145
108.3833
91.2715
117.2754
97.2021
106.1973
113.3131
89.5402
125.8437
97.3315
118.891
126.8481
179.571
81.4769
101.4879
147.8472
88.7382
91.6513
83.1264
106.9515
77.3986
124.8433
53.0292
66.7863
74.5849
106.1829
114.5039
127.4177
116.0169
128.0295
75.4431
63.583
105.6981
112.1537
72.0971
135.2712
110.3598
124.347
119.3279
66.466
103.7851
66.8441
81.8622
119.8529
123.2039
130.5408
99.3631
48.7492
116.9365
45.5289
89.1834
118.2663
148.0834
88.7409
90.6561
111.601
90.2813
87.5498
102.3768
131.8384
90.3113
106.9734
126.5615
98.5968
114.9827
107.5631
55.0504
108.4859
112.1463
114.1612
98.2863
135.539
82.36
87.8189
143.4358
68.5138
133.9106
59.2754
136.6489
139.1175
82.3974
123.7162
73.6149
77.3895
143.8132
133.5068
129.8535
106.6678
103.1823
92.0894
131.3402
52.1986
80.392
80.5282
57.6683
103.565
139.26
97.279
102.7229
126.7471
108.9918
110.7785
154.9333
85.0369
108.0524
89.3561
80.1398
122.2265
121.388
149.6341
147.2502
110.9523
136.4968
90.2027
107.1495
91.9958
123.3196
133.3765
81.6185
91.9669
100.2925
105.753
88.0476
65.2546
111.4134
78.5721
93.3732
89.3397
75.5682
96.4225
33.94
137.4391
90.8016
123.9761
77.9989
42.2008
132.3891
65.8738
119.0538
100.6795
94.4285
110.162
135.9068
123.8811
97.9908
103.8819
95.093
117.7998
91.9728
86.3627
59.4152
125.9262
73.7233
70.9682
70.9901
79.1494
113.806
78.416
103.2003
66.091
136.6762
121.1932
104.3116
97.1679
87.1895
115.9908
137.2331
69.6995
115.192
89.2121
121.9269
92.5115
94.231
73.8791
75.7378
96.9663
131.3553
89.5041
126.3639
119.053
63.867
76.9787
94.525
111.43
134.6569
107.6978
98.6349
82.2326
95.7793
87.7031
93.7381
60.9971
114.7122
109.444
151.591
97.5243
121.0502
125.919
120.8732
96.5974
118.8232
77.1575
107.512
121.5181
97.9677
60.5175
89.8004
83.077
99.7272
64.5599
133.8225
94.3138
115.9455
143.9492
98.1115
122.1648
110.5597
107.3215
139.4748
110.0749
88.303
55.1085
103.0321
79.3458
104.4946
65.9589
77.0274
132.6604
116.8048
123.1095
120.6325
116.3008
82.5433
129.0842
116.0295
142.4635
78.2389
63.6812
125.7936
65.3445
94.5888
76.4886
88.734
98.5084
94.1588
111.3814
59.5121
110.3602
106.0193
108.5391
56.9589
104.1486
128.4212
110.4572
85.564
132.5311
91.0207
131.7443
115.3455
67.3378
54.8781
83.5452
111.0157
90.4858
92.4607
90.3148
59.8311
83.4788
94.8876
112.068
111.273
123.7213
57.8808
83.0625
85.2664
114.2234
90.462
88.3147
100.8015
68.4362
80.8355
91.7848
103.1807
89.962
119.22
94.3852
85.1052
82.3645
136.5225
122.2578
54.4815
106.2485
90.784
95.2481
99.7306
77.2874
97.6603
126.7127
78.8758
101.7614
122.743
112.6311
97.1528
117.1132
81.4987
105.3406
126.1781
91.3431
94.2624
83.2795
98.9889
98.4669
127.3865
63.348
57.7349
101.3467
99.3994
80.4022
145.808
81.9755
113.3967
46.6036
122.4093
149.2886
123.4847
98.2232
104.2144
114.5848
125.004
149.6713
80.0204
100.4393
116.1995
120.983
76.9452
118.9588
132.2359
72.5288
98.2438
106.7615
93.9197
85.1838
122.0245
88.0132
110.7049
56.3182
108.685
77.1868
100.5162
103.6576
69.6856
105.9411
79.6535
93.5202
108.9393
76.5385
69.7688
114.4821
112.6023
93.5083
116.2772
90.0138
103.8806
102.3618
118.6214
120.8339
138.1139
122.5154
105.3288
57.4385
98.6674
55.8863
135.6921
153.4706
95.8295
105.5771
86.6126
105.1153
129.6311
118.0752
103.2849
133.7983
115.7162
92.0935
134.6897
74.9466
56.8033
74.8551
129.3362
120.68
65.8339
61.8529
120.185
128.8271
110.607
127.3488
112.4363
121.3859
77.5281
92.7354
84.5909
127.1196
105.1987
145.3322
113.6946
81.191
106.7229
81.9027
127.2721
99.9255
53.5884
92.6637
102.6773
83.5223
81.6719
112.7401
64.8156
129.8171
112.8342
130.8142
119.6734
125.9238
91.4115
85.8373
88.4046
66.4516
154.59
90.6883
128.2486
132.1387
119.4357
75.8744
111.116
134.3255
81.3112
40.0174
53.809
95.2203
102.6056
91.4941
123.4769
84.7833
126.1327
128.4648
99.0137
59.9124
96.4479
82.2127
123.9581
118.9699
134.4394
111.7995
67.2222
112.7962
112.4645
97.1834
107.9152
121.459
95.1881
69.8293
77.6412
111.4345
87.192
66.7331
132.5648
74.0299
84.2464
72.3686
84.9843
76.1729
139.0596
144.4677
105.7789
88.625
104.4981
109.2403
111.3333
82.0623
96.7155
84.706
116.1498
151.325
86.537
103.5902
73.1214
49.2024
134.0462
82.5355
128.6983
96.9401
90.8827
106.9462
103.4111
135.0193
45.4759
102.5056
107.6773
141.0348
91.484
148.2743
97.601
61.5701
55.8196
117.996
93.1475
108.5604
113.8355
137.0388
68.4426
79.9733
111.9421
132.1757
105.2469
137.4631
101.6878
90.895
118.1313
67.11
96.8854
135.4735
125.0387
61.1643
104.903
106.2094
81.6242
75.1298
98.3198
48.9947
87.052
107.8091
72.0855
112.4964
75.2213
85.6975
90.9316
128.752
84.6871
87.6418
98.0838
80.2818
98.7731
129.26
81.3839
110.8827
118.4676
99.6749
104.7053
104.6274
84.1131
112.1356
103.7581
130.3954
86.2041
98.7515
118.3675
117.214
54.7733
86.4882
104.6186
108.2062
136.671
109.2487
86.8152
104.4862
147.8059
87.8589
121.0336
146.3308
119.9423
57.717
123.9013
100.71
81.1906
112.3127
81.3886
89.6607
95.9707
84.2737
82.8601
109.7326
129.9558
136.3005
122.7701
89.8178
111.0494
58.9486
62.0916
59.8349
137.8535
55.8428
85.4982
62.581
137.3298
113.5985
140.5438
88.045
128.1347
173.5786
132.7729
127.2996
150.0204
73.4746
80.4546
62.3595
111.2919
114.2402
138.1669
91.2221
102.9276
107.5596
109.7342
75.8601
51.5103
141.2491
80.2237
95.2485
65.2433
120.196
95.2147
112.0208
117.429
118.731
93.396
94.8639
72.5683
107.7716
93.6365
88.4473
108.1352
151.2268
51.7223
95.9218
93.69
89.9555
91.4352
96.4733
104.948
113.8169
40.687
67.3164
93.5143
125.6315
97.4163
107.9622
75.4832
83.4399
110.71
127.5068
66.3158
126.264
154.1129
60.7606
113.6602
138.1478
119.7637
109.8079
118.4997
112.131
116.5111
124.7325
89.4592
107.9821
131.6716
76.9549
100.1214
102.2427
113.7787
82.0418
113.6492
133.5898
69.582
115.2526
126.1538
91.9114
105.4477
122.0922
74.6687
81.2232
121.7876
122.9982
94.8431
57.5264
81.5554
86.9863
93.8667
131.7262
66.5725
129.1072
80.2861
98.1396
100.8833
76.5851
92.8266
66.7619
110.2722
52.2433
164.4671
90.6387
71.9471
95.7687
106.9944
111.1613
117.7414
70.8117
101.3511
123.7431
71.4345
39.8331
53.4395
112.9812
118.6842
80.4974
101.5971
112.2211
101.9398
98.7972
148.2583
93.0573
123.0162
120.8688
47.0622
75.1368
63.0597
113.061
123.9682
95.9266
97.2097
84.546
109.0964
84.424
73.7979
87.1577
106.7515
62.746
71.2156
115.378
112.1472
124.7333
138.9227
106.7381
90.0668
114.116
126.59
70.5202
68.9227
72.8265
136.433
74.0736
102.1131
110.7868
123.5901
95.3016
96.4212
96.3082
81.5325
79.3563
104.8577
89.5932
145.0137
83.0496
112.746
99.9753
63.1368
83.2129
108.4116
76.8926
88.2749
93.301
96.7175
128.9681
112.6305
40.2729
118.1009
157.8534
118.2722
108.2989
135.1264
74.4155
85.1391
117.3556
64.7876
61.5038
108.8948
125.5851
133.9964
156.9428
77.8706
124.3457
97.7569
95.9364
108.8294
66.4209
92.2225
109.2157
117.2053
115.9639
103.9669
80.3333
48.4613
98.487
80.06
91.6953
46.375
125.4407
74.6488
37.8121
102.1775
136.6487
111.0578
92.9563
119.8094
86.083
109.154
85.4765
137.3554
65.9054
141.7873
72.4059
106.5143
89.2475
107.3471
120.0724
125.0434
112.4866
148.9713
137.3118
91.3337
56.8904
116.4709
67.7868
123.5032
98.2755
118.7325
88.3338
65.6257
54.7993
125.3203
114.4194
114.495
103.2219
92.1296
110.2736
116.151
98.6082
70.4533
113.3586
90.9791
101.5911
109.9936
71.8318
153.7877
131.6111
72.5187
111.1564
115.0075
89.0725
115.1697
115.6646
106.1904
93.0266
132.8106
52.5742
98.3374
107.097
94.5886
91.7148
91.5814
48.4678
72.6033
96.4235
108.9803
90.6856
91.5346
110.6325
148.8869
111.5273
106.8742
112.3195
124.6267
78.8085
100.3809
109.2728
81.8305
103.0118
82.9553
83.7407
92.4031
108.4891
112.3712
86.0157
115.972
109.4448
102.4093
109.6898
86.5711
123.6472
110.7914
73.7112
98.0563
67.723
100.1465
90.2
90.9491
98.9681
112.5782
54.1233
96.2889
53.8641
46.4337
122.9704
80.3756
88.1434
82.6857
115.8788
109.6019
52.2882
133.1409
78.4866
108.259
69.9812
97.0069
79.7047
93.4142
105.7629
115.1796
79.7049
73.7603
105.4914
66.2707
134.2767
96.5879
100.9102
94.9546
105.8381
83.7521
113.6615
84.0464
144.3458
54.2006
131.9544
63.7038
87.0713
40.6275
86.6148
86.32
127.826
120.5004
127.3857
87.2136
131.0282
74.2965
110.5774
78.9174
112.8956
129.8454
98.3434
93.6265
125.7377
68.2321
94.8593
75.6844
112.071
114.6938
108.1284
89.8329
78.1741
93.9992
109.9981
128.1136
112.68
110.7632
122.104
61.3534
110.9037
114.7913
66.0774
57.1786
95.0095
101.87
142.9166
118.2425
113.8848
107.6444
90.8632
105.4535
68.187
105.0211
95.0802
96.743
103.701
89.0482
125.0462
144.1721
86.3344
108.9882
135.589
97.9455
122.4235
125.6076
81.9435
102.962
121.709
137.1489
98.5437
76.5345
79.0245
123.9369
129.5505
54.7705
148.1476
75.8291
130.9459
100.4077
70.6161
100.7452
110.6112
132.9137
105.4426
118.9812
101.8298
142.2906
83.6742
91.3786
83.9459
108.8338
40.7611
81.5703
130.9704
129.877
124.5933
95.3407
90.5634
90.3235
76.5884
103.5267
145.6444
150.5534
129.834
48.0362
127.4686
61.2338
122.5956
156.4437
79.7394
136.8242
133.2428
133.1341
144.1663
84.9182
79.0783
57.1315
95.278
66.4296
79.2497
85.9593
94.5923
129.6628
117.4302
89.9586
81.8355
90.1197
76.3033
105.771
97.385
111.1848
114.8769
71.1324
88.5887
102.1929
90.058
108.0393
132.7798
85.776
90.6449
101.1144
81.4295
51.4367
130.3182
75.8135
88.911
127.0709
50.22
103.7726
147.0891
72.7791
80.3787
27.3696
67.2332
101.3416
65.1853
100.216
87.367
73.7657
108.7232
95.1988
101.7552
103.1941
100.0035
112.5941
92.0749
107.7836
132.1308
87.3431
132.1098
17.2441
75.2412
55.6187
63.0205
115.6288
153.72
95.8534
122.673
76.3188
86.5169
70.6338
86.8787
83.3346
98.5408
72.6648
146.9727
74.2805
91.2347
101.8471
122.2451
85.4612
56.13
61.1651
99.5037
110.1373
144.727
109.1859
131.5875
80.7636
110.8177
154.9108
129.8841
154.1634
74.1681
127.8333
122.0533
88.829
68.6553
69.1961
128.5531
139.2847
91.6883
98.4751
117.2332
104.3814
133.0273
82.2161
119.8939
73.4464
136.1597
99.374
56.39
62.1605
104.6864
86.0215
77.8873
117.1456
130.2769
98.1985
63.2695
129.9796
119.9079
120.7765
83.3047
106.4532
112.3198
122.4312
53.6442
110.1347
160.9558
99.6223
142.3317
85.0291
105.2039
105.2853
57.1575
114.5226
84.9931
87.4744
97.7484
113.1507
144.7668
125.7624
117.5167
90.2333
136.8162
112.6076
86.3449
72.7719
136.4154
74.0858
94.5555
88.9316
109.2036
69.6898
123.1737
96.1366
103.8261
79.3758
103.8072
153.6612
77.637
113.4433
84.6578
118.4429
91.0074
71.8738
77.438
96.02
98.5926
96.2374
118.9213
111.2419
89.7601
86.8027
93.0734
93.2104
121.6535
91.4754
74.4904
101.2919
47.6623
95.6519
72.7939
94.6478
129.9044
74.4985
148.1907
110.5423
80.1396
127.8748
111.4111
150.5987
112.88
122.3061
105.6353
87.1052
152.5748
73.2626
139.0174
66.6046
94.6603
62.5892
61.2522
115.2131
92.5071
88.383
102.6263
148.6563
87.8112
110.4794
107.7049
78.4092
95.5483
82.9117
87.989
98.8185
137.0643
87.3679
94.3048
108.721
95.8357
93.447
117.185
123.6694
86.1797
103.6563
139.4618
108.7757
99.8645
118.882
80.602
111.8081
84.4311
83.347
96.6773
101.7125
143.363
151.6583
54.4028
98.3687
113.8233
125.4377
92.6548
91.1451
118.7148
96.8511
78.8543
35.0737
130.3657
108.053
113.8761
89.4403
113.7968
100.1158
105.2526
113.5709
102.5565
106.4199
118.8475
41.4885
117.3259
154.8635
82.1115
82.2148
138.509
121.9679
96.7091
98.7775
108.9202
88.9224
72.2053
110.4462
157.7859
132.3152
112.1021
113.3141
109.2747
105.2721
83.8864
88.5718
121.4869
72.8998
82.9019
66.6738
78.1052
53.4083
88.2967
103.3302
97.3741
120.3283
18.9061
60.808
120.0279
100.1146
99.9888
119.327
107.5807
82.4779
126.9654
90.2519
90.3713
119.0358
99.9712
92.1696
112.1857
79.1491
138.3357
137.5755
84.436
100.3664
118.9652
110.5293
111.3697
65.7724
112.3177
53.768
136.5969
94.0248
98.6076
97.9917
133.4526
133.7286
66.7682
50.3142
102.8317
129.1363
106.3219
117.8648
95.9336
131.9859
91.4399
115.4624
70.3659
106.7643
80.7822
170.1402
105.9078
110.2621
80.5491
105.8375
80.9761
86.745
100.8501
114.1548
71.1493
77.3135
67.9991
133.2775
105.8245
83.726
72.948
109.6463
136.1987
109.9104
134.8428
146.4164
123.1401
118.211
86.6168
61.4487
108.6558
98.0724
96.9384
134.8236
125.8361
106.1699
76.008
119.1421
101.269
82.7951
103.0846
87.8147
66.9461
126.7304
90.8039
100.3097
100.494
99.2209
55.4831
161.8983
59.0823
109.0616
93.2736
100.9139
79.5734
114.3234
124.8372
128.3621
135.0895
74.2025
108.4092
92.0999
138.3139
96.7608
119.5564
106.2293
77.7413
130.2443
106.8099
87.8353
128.8266
65.256
91.5894
120.001
87.7034
53.0207
120.603
90.5588
103.0076
82.5758
73.6966
107.0255
94.1607
102.2754
93.3742
105.9684
87.822
104.0404
121.4645
71.7391
74.2289
132.9558
79.0737
107.6218
85.6277
102.095
127.1326
127.1304
79.8067
55.9017
91.9284
119.023
119.5018
90.1543
59.1525
113.333
113.4571
81.227
100.4511
71.8402
127.8649
62.3973
41.3606
119.9326
74.1367
140.3632
119.8619
95.2029
105.767
79.0917
121.3845
85.4121
101.8748
60.8343
62.6788
75.0686
68.5216
109.7899
83.9165
92.5765
101.7879
100.095
85.8935
122.7359
86.1001
73.6686
89.995
49.9095
71.47
130.4126
113.6058
86.8416
96.6511
36.0339
115.1495
111.8789
42.2333
95.3243
84.2006
143.8466
74.7057
93.1183
88.8824
106.8282
117.8779
62.4323
105.8073
103.9718
51.0739
112.7898
108.9064
62.4532
89.7413
128.0135
101.4239
131.664
106.7927
127.5387
86.3887
138.0715
121.608
111.5723
129.3162
73.1224
99.0553
95.6498
101.8072
123.2209
103.6305
113.5429
102.7062
50.4702
102.5443
54.9313
77.6462
72.2644
129.0152
128.815
89.478
117.3238
117.6303
66.1338
113.0973
79.5016
112.4807
105.7225
105.817
141.6391
79.6585
102.501
116.9893
120.2637
115.7697
120.7662
105.8724
90.6939
93.7878
63.5402
55.7378
64.9082
104.8333
114.9026
99.8146
114.8921
137.3262
88.3586
151.5318
117.8405
103.1723
112.5999
123.248
99.2966
140.1072
119.6423
73.209
120.6494
102.3479
104.2783
149.7567
55.4106
60.5915
77.2326
79.7937
60.668
49.2885
73.0867
166.8626
115.3236
131.0965
127.2105
94.5844
91.0112
130.4046
110.1206
110.6296
75.3766
101.9375
111.7942
118.4522
51.3139
126.9673
126.5177
84.5059
78.165
137.1385
80.7646
89.5045
110.5968
73.7349
90.4072
126.4025
101.4609
151.0517
74.5884
25.7131
98.7111
82.0533
110.2621
131.9039
67.2633
98.1836
111.5505
78.3983
71.588
94.8049
114.6249
117.7433
111.8154
95.5845
63.1173
92.1656
93.8245
88.1265
85.0325
82.6046
120.6352
101.8277
84.5133
121.4624
134.2067
94.1911
128.0014
92.2078
68.772
71.3946
81.1088
78.7093
132.0885
71.4651
34.7931
74.6613
139.7268
119.5317
106.6801
108.9219
42.5108
79.6026
94.9667
77.0345
85.9629
123.6343
94.5479
158.0647
103.6598
92.5017
111.6319
87.9845
113.7549
137.6886
61.9153
146.4886
79.6823
103.405
73.7595
112.1579
122.7691
87.9421
101.7273
126.2068
108.7421
83.094
132.7932
75.6724
133.6699
70.6301
104.6525
88.164
73.9936
69.2523
108.5243
97.1916
95.014
128.5238
63.3443
97.8808
61.709
99.2854
93.1871
141.6671
117.5279
150.7082
88.4512
103.751
113.8339
91.4037
68.2231
80.7357
116.4717
111.8665
106.9273
61.8736
86.7666
70.1147
82.0672
78.848
114.7625
149.7993
136.5932
106.8539
105.5232
77.6776
100.5995
45.829
96.8959
72.8917
100.5301
154.4332
107.0074
90.3891
158.168
29.5307
37.5339
137.9886
118.366
117.3236
131.5732
107.9159
118.728
135.3805
136.1645
110.0945
133.6154
139.1649
97.1948
77.1439
83.6075
78.2042
86.3233
73.0773
101.6613
97.2152
121.8648
107.8215
103.9287
97.6048
103.2321
112.8949
100.3075
100.7938
126.6198
125.855
113.5873
86.2508
141.2004
80.2224
144.9679
138.8798
110.2516
108.3016
114.282
106.0435
105.6247
65.0259
77.7137
74.6782
111.6343
74.5122
72.0354
133.7354
90.8205
125.9093
84.8349
80.2117
115.7626
110.3793
42.9378
62.4614
102.8621
140.4794
84.9446
107.9921
62.2595
103.4948
107.5536
107.3924
94.0857
102.2373
72.598
62.7316
152.6412
72.5323
138.1265
82.4315
85.068
88.7584
131.3462
108.653
88.9713
63.4505
119.6754
124.7501
93.6155
118.646
100.4236
64.6698
65.8461
123.783
109.157
146.7759
62.2818
93.6118
70.2099
102.6095
86.1081
122.3837
118.5357
113.0178
56.7426
89.5635
144.5465
102.0011
109.8998
143.0626
96.21
112.1604
104.1187
98.3593
69.7751
99.1565
58.8898
92.0739
102.772
82.7212
87.4405
91.2983
80.5559
87.649
76.4099
80.9032
96.9359
105.3966
57.4041
105.2715
87.3252
80.9483
135.7601
68.8249
113.2145
110.0849
128.8144
75.8631
93.5749
125.3973
75.977
119.2387
102.691
79.9618
65.1642
97.5473
70.1353
116.1199
74.0636
144.1071
96.3161
122.7015
116.0788
143.9891
117.3484
86.7511
89.2243
136.2648
103.5585
87.3694
142.2312
77.4984
122.3411
116.0499
126.091
95.5678
96.5318
128.4801
131.1936
119.0406
75.2737
149.0515
88.1432
108.3401
94.3311
66.8577
98.8383
122.8945
116.1915
81.3297
83.7923
79.9393
76.7725
107.6493
106.2749
111.6523
91.5449
84.1102
80.831
84.1501
77.7946
108.6989
121.5479
115.1329
88.8663
80.9299
101.8289
92.9769
75.986
123.925
91.167
127.8859
140.9072
154.1839
135.6489
57.4303
108.0186
98.5261
47.5677
55.5703
113.8258
73.7332
99.5373
117.3867
78.0495
62.8402
49.3602
44.7923
99.2046
106.1594
95.2278
122.0365
66.1848
57.2951
130.6905
41.2599
53.4206
110.3298
92.0723
133.8902
111.0798
77.4345
90.3747
87.4388
111.9259
97.298
128.1775
81.6543
149.0242
68.7762
111.5851
79.6898
162.0916
98.9899
72.1898
90.9691
107.4352
112.7331
101.2539
136.1451
90.8896
140.3753
66.147
71.3642
84.7725
102.9784
89.8469
124.6681
127.165
80.6761
94.778
114.8856
108.3261
136.681
127.1704
88.0684
111.193
101.6407
88.9099
121.99
93.3827
114.7294
85.7374
126.4435
68.4653
82.0524
72.4008
94.3176
122.1657
60.5564
107.5225
108.7933
80.526
102.6689
61.2468
162.1466
64.3783
125.996
113.715
75.3107
134.7825
136.4746
122.953
46.3462
85.8667
69.1973
92.1617
92.1831
80.5165
99.7259
110.8306
96.6639
122.8079
93.5614
119.2438
104.1572
72.5773
82.6546
107.7724
115.5315
128.3478
136.8592
148.0797
119.6833
81.064
110.3055
125.0203
114.9722
79.9368
69.4553
101.4564
109.0987
138.5401
98.3251
98.828
100.2349
118.7251
98.2165
74.3535
106.1843
111.0659
115.2977
54.9344
73.5698
137.6491
89.2461
77.5114
57.1745
133.4039
46.0055
109.6936
165.788
111.7254
63.3878
121.7012
100.0032
158.042
107.5289
102.058
124.2994
84.4281
94.8451
144.1759
72.9777
76.6095
58.1032
149.577
92.2831
152.0287
121.6352
89.4543
101.3113
48.8542
91.7357
111.1245
112.4586
105.1368
115.6594
92.3002
134.0116
121.8427
117.1353
150.036
78.6574
144.1826
127.7737
77.2494
73.5614
119.3704
79.9247
114.1733
81.4115
51.8275
98.309
106.4998
104.5944
116.1568
102.6984
118.2247
70.1779
88.963
83.5075
122.1309
100.4834
82.3223
86.9235
127.9386
67.0957
109.9511
86.6635
113.5799
52.4141
114.9727
88.1195
122.1434
98.5474
71.2282
117.7354
83.1488
126.5494
122.598
93.5116
108.6667
71.2146
120.8664
99.0424
77.551
126.6599
75.8672
143.5749
68.8647
94.5969
71.6475
108.586
105.1615
132.1216
72.9593
138.6101
89.1709
73.0146
134.474
56.2284
82.9516
90.9163
111.3269
131.6211
102.8204
150.3744
76.8124
103.414
67.0707
86.0804
119.6467
92.009
89.5741
80.9816
102.7305
86.2615
129.3892
106.4744
71.4368
99.1883
121.9718
106.7536
80.2363
104.5717
84.7386
122.1389
128.1242
91.9593
59.6209
81.8085
84.3267
66.8565
103.7737
59.4593
124.7553
99.2131
98.5741
121.9574
44.1535
127.7472
127.9712
127.2554
85.0158
62.0028
129.5961
99.7115
97.5623
90.0126
59.7081
72.8635
111.9786
104.0154
98.177
79.7546
117.3439
83.7892
99.5909
59.726
72.8695
87.026
83.084
110.0596
95.1177
123.1706
49.2192
76.0012
109.4509
126.6146
76.7977
93.6173
93.6085
96.7118
77.4725
142.6844
120.3091
121.773
98.0654
94.99
86.2687
82.1899
102.0689
124.1004
68.3569
130.4344
71.5722
93.7759
107.9367
134.9192
92.9775
140.3924
118.3878
67.6131
106.1067
116.9717
80.4283
113.0971
89.3184
121.4963
122.8202
112.935
79.6367
160.2658
105.7736
79.1714
82.1488
102.8039
26.439
82.4998
120.9012
95.8865
112.5279
127.7912
137.9177
91.2473
55.4517
66.6615
95.9849
79.4149
94.003
68.9929
78.5084
74.2216
106.4944
67.502
143.5927
86.7324
101.9002
94.9357
98.4077
107.7335
89.5449
86.448
84.4037
62.8164
66.0924
69.1674
37.4144
100.3448
128.0951
87.8804
158.75
109.4523
102.9063
74.5444
151.9641
25.8673
113.6614
90.9834
102.9966
112.0124
89.3545
130.5629
93.0754
127.2967
139.9154
83.0596
51.3347
110.4152
77.0366
85.1613
68.3504
100.37
102.599
122.0669
72.2884
129.6833
99.0072
88.3491
138.861
127.2973
73.488
95.8507
127.232
119.0738
138.4942
115.9923
83.2712
109.9154
85.2965
108.3238
124.4036
120.4333
119.8037
93.6456
73.3788
88.097
107.6186
94.1866
129.0133
121.4717
79.8447
125.8949
67.0609
50.0549
77.5442
86.1807
97.3115
129.2355
129.7011
95.6741
116.0815
108.3821
154.4961
83.2354
81.9509
101.5185
127.4129
101.4798
141.0413
63.9042
112.6437
122.2901
121.3115
110.1683
86.4147
79.9747
106.5255
123.701
99.6099
127.7381
46.2542
104.2839
68.6802
83.635
117.9445
102.5461
77.9762
82.8391
119.0717
131.5805
106.7976
81.5732
120.0832
89.1399
118.3014
112.3017
113.5916
126.3716
79.2206
152.1491
94.0917
85.8254
94.9127
133.4984
113.2013
111.244
106.0634
80.5917
67.4581
121.1038
141.6579
100.699
123.2833
91.7388
112.033
136.281
105.9232
118.1934
145.1
90.9983
117.0299
140.6881
82.6943
127.4344
73.0529
122.4729
111.7249
58.6583
135.9829
73.5079
83.4683
106.5878
133.8053
79.7172
97.1099
115.5127
126.449
92.2545
112.1122
77.6437
109.9109
118.9121
104.3563
108.3165
42.3902
55.1248
97.1211
89.3615
157.9202
39.7391
92.2238
92.3559
116.8328
112.013
92.0555
97.2468
107.7527
131.4451
112.9434
130.1637
99.4552
113.4699
112.8728
103.3197
89.4809
81.9911
97.8141
174.4522
93.81
63.8939
146.8552
94.5121
97.5243
111.1877
100.0849
114.5974
152.809
82.4183
94.6574
102.4253
81.4513
116.8218
119.7142
92.9971
60.0171
86.8035
173.3339
116.7746
94.2151
81.6326
77.7736
65.5773
136.2436
82.6464
99.6638
101.9477
105.4291
79.0968
105.0399
117.0056
90.5978
93.0145
152.1235
75.5961
101.9075
80.2011
104.5344
138.6011
108.3374
130.5494
123.2609
150.5365
76.103
101.3268
48.8148
116.5162
63.6614
68.4852
106.9928
99.0409
81.4472
123.7438
120.82
83.9984
115.3708
76.4752
111.1745
130.3851
100.3222
96.8562
63.6009
109.313
111.6194
65.8076
77.7215
77.0441
101.2692
111.4096
121.6409
76.076
64.8398
104.0711
110.6478
97.2202
94.641
93.5042
70.4612
131.9421
57.913
116.85
111.1138
62.0779
125.2947
52.8423
125.7006
81.4289
109.0082
115.4468
124.1202
113.1043
71.5218
107.3556
115.8638
99.8142
96.3612
98.7447
73.7558
107.3576
88.4397
66.016
53.9693
117.3265
88.1665
76.2913
121.3299
102.2325
116.2826
108.4625
58.3705
69.374
87.5292
125.7197
111.6155
146.5509
121.7934
94.8457
98.3992
106.0297
99.2025
83.8974
89.4031
104.2466
128.3232
105.4322
112.498
58.2339
111.5052
98.5456
93.9031
78.5437
105.2431
93.5683
47.0036
69.7395
70.1988
98.5883
61.5297
84.8159
62.8963
73.1888
78.7262
141.6552
82.4097
63.3201
153.5134
78.9288
77.1913
100.9009
131.1175
98.6055
90.1946
98.6338
101.8721
113.1963
87.7258
82.6946
110.8913
97.0874
118.126
69.672
97.9305
61.6033
39.6596
63.2218
105.0476
119.4478
142.1923
87.1969
89.4238
118.9523
126.0888
65.7523
98.8376
78.0273
134.3491
87.1022
66.2575
88.0398
124.9825
125.9347
136.6753
116.0788
146.2722
92.6049
114.2785
95.2366
122.0808
119.9589
94.8686
67.7226
111.6184
73.4574
94.4713
97.2142
54.0065
69.8436
77.0765
132.6436
113.3621
141.4171
104.5225
80.7488
95.2404
54.1458
106.5299
114.0407
85.4584
103.7573
151.9327
103.3422
164.3896
121.6093
69.7033
114.1694
94.7934
119.6246
136.0977
96.0773
130.3335
118.504
71.1349
88.1253
79.5826
116.2817
76.5208
79.9099
107.6558
109.4588
118.4226
78.2672
134.8758
98.8079
99.3838
116.9099
132.1635
108.4401
93.0574
90.0786
84.9705
101.6958
124.0169
128.1643
120.6878
75.7742
103.642
117.4071
82.7807
113.6308
147.9337
112.4191
56.538
101.5048
56.1924
44.4728
94.0018
45.4926
80.3515
137.2315
70.3257
105.6253
137.8512
116.8207
145.0054
119.3402
96.3069
82.3876
120.9343
112.5791
109.7593
92.0483
54.1688
65.3087
37.069
138.2318
123.8942
89.0593
122.3205
95.9847
78.9624
81.5753
108.2706
95.1651
127.1283
118.0126
75.2769
104.1924
109.884
145.6966
93.9152
133.6505
107.8039
113.0548
76.3134
127.2096
125.9167
92.4372
109.9868
122.614
141.2745
135.595
77.214
95.1452
36.0636
120.7518
44.6664
83.2088
105.6281
49.0784
113.1513
94.1331
120.1929
126.525
101.1548
108.6009
145.0508
59.9494
60.3907
77.2539
105.2598
88.1143
74.6053
149.159
80.3931
127.9206
100.9046
80.3532
131.6327
87.5941
93.2696
130.851
75.721
92.4341
74.5373
126.7371
88.7666
92.2753
128.8015
116.847
84.5972
94.0036
117.5629
131.717
114.8551
118.3328
88.2637
139.9166
106.931
48.3707
39.3832
93.9948
130.1411
51.3324
117.5683
93.0472
75.8847
47.3229
96.5203
97.3784
119.51
117.18
56.9578
143.768
78.687
105.12
146.0118
114.9354
94.8765
106.6313
121.2693
120.1555
104.8217
75.6318
108.4306
106.8334
175.586
107.7327
133.7444
64.1698
128.1651
94.6584
92.0539
84.2942
135.9778
96.1035
112.0487
105.1425
76.1227
107.9006
122.9118
123.0312
75.8962
64.1964
59.8628
134.9808
60.6161
83.395
100.7688
96.7424
92.3258
83.4142
95.8737
135.5083
96.0855
73.1493
50.843
167.6277
131.2519
117.5865
118.7937
93.9811
114.7773
101.6745
109.7017
160.2819
125.0293
89.2429
100.8064
64.3127
97.0507
114.6172
45.2044
69.7191
83.7027
87.7172
92.2539
96.2528
115.6768
64.8196
81.7484
116.8915
85.3696
138.4798
108.3022
82.7123
104.3865
114.8531
95.9627
97.247
86.4324
135.9444
67.4854
100.2201
92.413
96.0692
82.0408
69.7121
77.285
63.7732
80.9045
97.9381
106.1673
100.3846
86.5911
102.6062
110.1404
80.5331
103.637
132.5504
126.2313
130.8647
100.6762
79.9373
120.6849
70.4203
126.5704
98.8317
163.7758
84.5124
74.9897
125.9985
84.6111
121.2836
100.4131
108.1269
119.2283
62.3415
105.0218
63.3791
90.6944
72.2999
100.3022
107.825
104.6136
67.4174
88.8322
77.4328
120.4957
55.159
88.348
92.9919
95.4254
97.0999
79.882
68.467
148.6497
92.4589
89.9431
70.3441
116.3191
70.4315
93.0632
91.9866
113.6264
93.1855
62.3786
124.1986
82.6536
105.1471
109.344
117.8789
69.2146
123.4805
155.3931
106.6515
82.129
126.3514
86.7684
76.6949
55.3143
91.9319
114.5827
106.6582
89.1498
109.4813
93.8456
118.3076
149.1061
95.0235
55.8632
71.841
107.112
60.5752
74.5427
102.2836
75.8177
90.7786
131.8091
64.712
145.9412
76.038
110.3902
89.6232
102.819
83.3692
110.7514
104.3649
102.2507
86.1786
114.4982
85.2986
147.8267
107.8818
91.3095
89.4053
114.8349
100.7294
66.4788
107.1933
66.2349
78.6561
121.7328
86.0568
62.0643
109.9808
87.7248
74.347
104.3401
36.3526
108.6888
116.8912
114.7541
83.3484
97.095
62.7496
86.0745
103.6727
130.8626
94.7195
85.759
81.3139
84.2128
104.6212
106.8147
97.7633
75.9388
71.6632
114.1338
49.2901
82.453
102.9034
136.662
145.2639
82.6133
112.2961
83.8096
94.9992
55.4567
133.2673
165.2227
79.6481
113.7437
35.6159
106.9764
84.2521
73.4317
95.3714
100.9032
113.4245
73.7241
41.8906
116.8679
135.9743
70.4448
77.2957
76.8197
113.7894
122.8871
121.6681
99.2079
93.3549
101.8072
107.1967
109.4085
61.2665
79.6694
60.0617
44.5029
108.1823
119.7938
86.0396
149.6432
136.8451
95.9787
118.8238
103.0482
138.0453
87.7657
76.435
82.627
104.1178
89.5936
89.012
85.6468
73.2902
98.1475
61.5517
82.5371
106.2769
125.584
132.4429
79.6016
102.5457
62.9196
96.8897
74.9924
132.7975
91.1888
107.4115
96.8749
88.4847
89.5055
101.8586
120.7625
154.5577
96.2371
104.8352
102.407
54.0522
154.1332
108.7834
70.5125
128.2686
78.4612
102.2699
139.6312
122.7701
112.1813
132.2129
120.9747
76.8624
160.9055
129.1913
34.0633
123.3877
120.5359
111.1722
109.456
63.4432
54.3879
106.2774
126.5242
70.0883
91.0431
89.137
64.9888
58.661
96.9799
93.9365
82.9191
46.142
124.4967
118.9891
76.5733
58.9812
94.2144
127.4046
89.0796
98.677
76.8609
96.6385
145.7003
93.4697
65.1348
111.3775
131.6656
83.0287
118.4269
47.2931
75.4211
73.5167
127.9132
113.0865
32.2294
114.8663
44.2309
103.772
97.298
113.5619
79.0734
65.7477
89.8644
54.2534
90.5088
80.8577
134.625
110.8885
103.5645
96.2042
130.3013
82.3446
104.1364
45.8478
62.424
85.2996
94.2041
92.9272
81.3193
77.9137
122.8367
70.5129
57.0273
122.1193
76.5213
48.5042
57.9832
98.1879
65.8005
69.7823
141.5618
63.036
118.1022
108.8109
133.823
123.0032
75.6729
84.782
80.7355
130.8525
115.093
117.0109
106.0191
111.7565
155.4081
161.4533
96.1062
106.1378
114.3456
82.6474
67.525
131.8022
98.7082
75.5144
94.4217
103.9409
91.2619
102.2654
69.6807
140.0257
97.9853
64.1685
78.813
99.8759
111.1369
138.7648
35.3346
167.5969
118.3343
162.674
115.8357
100.5143
92.3887
130.0539
128.2973
103.9946
102.5868
86.0197
68.604
79.2529
105.829
90.9794
111.105
82.0648
97.6995
104.1409
126.4903
92.9439
99.9041
90.53
100.9784
99.4504
71.7992
80.3214
127.9777
102.9353
79.0757
141.16
111.618
59.9732
78.8544
89.3726
103.3605
93.3818
91.0082
121.6271
130.3818
88.8277
158.486
97.2059
100.0118
67.8893
81.3702
55.8662
84.902
126.4735
87.2506
99.4183
120.208
115.989
66.5372
123.3504
130.3033
103.508
124.09
90.5644
88.7241
138.7945
130.4081
135.225
95.0634
52.4068
83.7297
72.2721
78.0392
115.7433
139.4027
100.8118
81.474
84.5864
89.1389
153.1798
92.3543
121.9288
93.8135
91.723
102.1696
153.1754
121.2355
106.6478
78.2901
125.7562
118.3913
76.3506
117.461
126.4532
113.5228
104.5335
105.9041
65.5315
125.2717
141.1558
134.7845
95.8633
133.2558
145.9
93.6984
115.8717
91.4423
71.4503
94.5635
74.6118
126.2243
136.8337
73.8722
147.2769
115.4584
131.812
136.2545
99.514
134.8773
81.433
101.758
87.5736
103.5512
114.0412
148.5935
104.0324
115.1481
83.4712
105.2427
99.2408
120.9271
85.9592
120.7147
147.5998
120.7883
106.8956
93.9014
104.4806
64.4591
93.7725
89.1267
105.6512
114.782
105.9987
88.4087
78.054
79.2813
72.7787
94.7414
134.0606
118.3397
112.9678
110.9429
68.7567
79.5491
120.9496
110.1268
78.9919
84.0094
66.3504
143.4254
73.3521
122.1299
133.1198
141.0904
114.3527
63.8219
136.7979
126.6006
52.9479
70.6855
115.8305
106.1071
95.88
57.6563
128.2061
103.5705
122.2517
126.3266
124.676
84.9379
130.3666
134.6594
71.9035
116.8203
59.8536
140.9379
116.958
58.954
103.5169
107.9161
118.7811
64.9254
100.3792
106.0655
78.5125
112.4283
43.1721
109.6296
102.9109
151.582
115.3044
115.0781
124.4461
73.1877
136.072
110.1325
94.443
97.0855
118.6784
63.0469
69.3289
108.4081
72.9272
96.9998
92.9914
96.0078
80.101
109.5125
125.4743
108.8049
85.3933
46.1395
102.1197
102.4355
111.0328
144.6762
95.7969
138.0377
72.2475
104.5841
115.6307
55.8492
82.872
74.4021
99.9626
89.982
186.9621
123.1423
106.5751
68.4843
61.5193
117.2078
101.6354
97.7512
75.5357
111.9982
64.8737
109.8491
107.6306
97.5999
92.5704
64.0613
103.3663
137.9931
83.1132
118.1008
124.5608
92.1562
92.9699
83.1723
71.9772
48.6513
48.288
125.3359
79.3143
136.5563
103.9869
136.8221
63.9075
86.1654
104.9837
62.1535
62.9594
114.5022
54.9974
95.9214
60.89
127.0919
118.8798
102.6601
99.867
118.8944
84.2429
111.6975
134.0142
107.7142
87.0819
45.2328
104.3943
123.7139
100.7076
90.827
148.1361
97.7017
114.0356
61.4251
108.063
96.397
127.2155
87.3115
73.9992
157.5444
90.2728
66.0686
85.8418
93.1398
104.6599
83.9462
117.1014
66.1364
92.5891
100.2884
133.3682
62.7816
100.7741
116.946
109.5613
103.1299
124.3004
96.8116
98.2738
70.3516
149.4657
143.2422
76.0945
86.2436
61.941
89.0856
112.3625
73.8067
75.0496
101.7323
66.5218
137.8876
148.8237
90.7408
46.1685
128.9512
79.3215
107.5982
88.6165
148.2283
123.2342
74.6826
76.051
91.3216
86.9799
89.9209
85.7454
101.3664
57.4826
93.1121
78.4096
99.113
93.597
111.0424
81.7526
84.5809
78.3694
112.2747
122.2995
88.2875
104.5732
92.4762
90.1794
67.4675
130.487
73.723
62.0101
76.7385
130.66
103.224
46.1573
122.2413
100.4834
85.5042
81.3525
126.0902
84.3773
73.3063
116.2133
139.0786
74.9286
101.2396
153.0379
91.7533
100.5714
64.9079
155.5289
110.7205
114.325
95.9102
116.4117
62.8126
55.3758
89.809
70.0859
79.7345
101.0366
98.6361
100.4045
105.8806
71.008
151.1898
114.6901
80.3606
106.4288
112.3637
135.1385
97.353
160.4142
96.8719
103.7513
92.3454
103.4685
114.7944
101.9356
86.4651
103.6241
74.1451
84.9399
116.2744
98.8594
105.1482
130.7299
55.4201
146.55
158.3713
119.2384
86.0319
156.3378
71.4223
88.4762
88.7935
144.3142
159.1425
88.4449
104.0373
86.4334
91.5198
85.9669
135.5473
105.0095
99.2039
106.1648
117.8674
86.9731
118.4533
102.0026
121.8141
101.6625
77.8111
89.482
113.0838
79.4481
74.117
102.6745
75.1327
98.2041
143.6307
90.1151
136.154
106.9853
97.5075
71.5567
121.7396
101.22
111.2913
89.3831
93.2264
151.4396
100.8822
127.9572
73.6304
140.6483
91.5834
80.1994
68.112
81.9937
62.9954
104.6221
100.2954
112.9636
118.6249
126.6155
64.2079
124.3483
108.1341
118.6704
87.6036
106.2941
145.4019
97.0574
143.0091
71.0772
135.1794
96.7477
113.5301
108.6732
90.3243
104.8687
64.3562
74.553
77.6971
127.6615
102.0407
100.4567
121.9887
81.3326
80.4544
117.3448
101.4791
75.6792
63.1767
139.4197
73.0328
70.6396
108.2277
93.3583
136.9169
73.8734
115.821
44.376
160.1473
120.2842
115.7263
108.2303
141.2746
100.4825
79.9457
120.3397
112.0819
81.1889
98.2562
110.3986
94.5311
60.2153
58.4872
112.7946
99.8969
141.6524
104.7968
150.2668
131.4038
77.458
122.8635
92.0965
60.8977
85.2557
126.1279
78.3844
89.7067
93.7515
105.2299
92.6609
83.7647
55.9571
107.5175
138.446
88.1789
70.6335
144.5304
80.7694
81.1887
114.9482
87.023
129.7372
102.8832
133.4253
101.1313
83.5857
86.0792
124.7174
63.0449
111.0605
91.4887
155.4437
65.0523
76.8235
100.8297
20.6146
92.2222
119.2328
92.7745
79.5532
128.6723
120.5578
91.6228
89.0987
122.7183
44.1088
74.1225
78.0155
121.9696
117.1
135.6478
79.7508
147.2041
51.2934
130.3839
106.8313
92.1092
76.4245
79.6667
150.1473
67.8117
112.7287
89.909
61.8065
92.6719
58.1669
104.1139
134.2245
80.0473
64.1333
116.9924
92.0292
120.3837
84.0966
98.3848
61.8881
105.0409
62.3643
122.6396
88.7282
122.398
105.6074
65.5787
87.3564
128.8054
118.0104
139.3294
106.3747
128.8316
74.9983
121.4189
135.3998
95.0341
90.9144
123.5132
49.5496
133.0285
90.5102
130.1187
27.41
99.2955
116.7806
81.7864
86.8357
127.0957
88.3523
126.6256
37.6105
129.2431
104.725
80.7022
116.6432
80.4063
96.4512
64.4184
91.5953
65.573
99.3804
86.1056
85.1336
167.881
177.2338
151.7443
115.2836
54.6917
86.9565
138.488
114.4324
100.124
81.1769
63.3748
96.8835
60.414
27.7922
52.3825
107.0763
121.7059
131.7056
90.7426
57.1511
40.4325
83.9246
78.9787
86.0315
84.6164
88.0144
95.9821
111.1757
90.4087
141.0844
102.2325
118.4205
135.2975
109.8952
135.4064
105.7902
90.6268
62.6498
69.6542
37.7607
109.1675
87.213
112.5587
118.1074
102.1691
89.4981
45.3868
20.3875
128.0652
139.3749
95.0585
167.5867
105.8084
125.9802
99.0829
108.19
91.1855
113.7265
99.0404
93.6317
108.3486
121.2177
65.0784
128.6258
120.9099
85.4704
103.6695
109.6157
108.924
110.9419
57.2511
82.326
90.8279
140.8188
128.2932
106.1583
112.5224
58.2998
89.9151
79.0755
127.8299
137.605
85.4827
72.9123
99.9967
142.8563
73.3626
90.4471
80.4713
94.4969
154.1792
131.3567
62.879
83.2454
91.2262
115.1639
105.4423
109.1245
92.4383
124.5917
83.7255
99.2744
61.6871
53.4942
92.3113
80.4952
117.7476
137.4745
83.6414
49.8028
147.2219
116.4533
154.4276
127.5123
105.3137
106.5525
87.5155
65.2505
83.1639
82.3851
96.7043
88.0476
133.0605
84.9846
81.8528
82.1646
114.8036
130.2498
145.6889
89.5866
127.7318
100.0563
66.0417
115.1241
87.5582
105.9033
113.2007
67.4237
107.6278
110.6259
76.8274
125.9076
112.415
138.8532
119.1391
54.8717
132.6466
57.4556
57.4239
125.1973
94.0612
95.6866
123.165
100.7055
87.7322
62.3264
84.8307
98.2903
79.3053
77.6754
87.7015
113.3505
79.4639
98.5549
59.8148
103.6462
103.3249
121.3649
113.0896
75.5205
104.6454
132.0048
114.7861
125.6797
118.926
90.2996
93.6003
114.2521
105.2097
101.5269
86.7922
137.1732
115.116
100.5802
107.6954
97.8156
84.2292
119.1882
35.6541
61.8312
122.157
107.3564
131.3852
64.4794
90.4603
93.6547
113.0045
133.3036
91.1603
84.135
96.9543
128.0241
144.542
102.2772
90.724
115.4564
63.3889
99.7087
69.2534
83.1598
84.3771
118.7259
123.3041
135.8669
127.6448
117.0412
119.5735
151.0633
71.6493
112.0417
157.44
88.642
122.0254
124.2577
107.0487
113.928
93.8061
97.1356
109.4291
71.2589
98.4739
102.7634
101.4219
83.7146
112.2508
128.8773
91.6203
111.9574
138.6143
80.5426
117.0691
82.5495
67.4204
91.549
110.3311
69.2041
67.4939
114.9643
105.8397
94.2509
78.4812
82.3333
113.604
133.2544
130.8181
59.5877
92.7504
136.4788
113.7156
97.2157
72.0179
99.2727
82.682
137.1736
50.8034
116.9409
124.4937
102.3227
76.8849
38.2778
124.2337
94.6976
151.2557
82.9804
89.4561
57.3939
79.3809
91.3637
137.8694
84.8121
120.5957
60.1684
77.3634
40.8537
106.7681
96.0126
104.0263
136.473
97.9722
129.7134
122.3374
90.9824
69.0481
90.1155
89.9699
90.6567
74.9485
104.0326
136.605
111.3732
63.5813
84.8036
63.8685
93.4881
60.0546
87.2029
79.8747
154.8666
121.712
111.1399
98.3924
68.7094
85.6637
62.0788
72.5658
111.6961
54.2413
83.1403
103.2094
97.0245
134.505
79.7451
75.2431
97.5126
100.9746
67.1332
135.2156
111.6058
102.4342
122.1406
108.9112
91.7448
99.8704
95.5542
128.4851
90.1554
86.0614
52.5332
132.4532
98.2356
117.4772
120.0113
125.1012
114.4072
95.1487
111.3687
83.4622
100.9281
107.6668
95.8459
116.6363
84.8666
111.9335
114.5782
113.114
97.3644
92.27
89.9444
116.4846
106.2265
69.8908
119.3109
105.1273
95.5233
128.7947
68.4979
115.0696
76.9636
99.2413
109.4443
115.0447
42.5415
92.8495
81.9392
93.0706
135.2737
115.5562
77.181
108.7625
42.513
125.1332
99.4117
58.5541
44.0242
55.5579
131.8673
48.0709
121.7325
69.4327
119.1264
110.444
102.972
90.8492
71.6303
118.9712
112.2054
61.387
117.2865
80.6153
139.661
62.8207
60.4861
84.6635
89.3425
79.5488
123.5539
130.6632
139.926
64.1323
159.0952
47.0568
111.3907
79.4951
118.0155
66.5588
113.0714
107.9199
104.993
100.8725
134.2775
81.6692
122.1431
84.2316
120.8199
81.1944
82.9683
104.6277
97.7778
101.4845
106.1038
121.1079
127.0876
103.7833
120.0532
103.739
90.3912
94.8906
112.5522
102.2478
94.6629
142.0247
114.5398
129.391
124.2714
119.4298
85.2081
79.0477
102.4301
120.4686
132.721
140.7771
99.8359
101.5139
96.9868
148.36
85.6423
104.5565
81.8317
79.7171
63.5146
127.3816
72.3386
78.4107
95.2467
128.5753
80.0632
99.9136
133.7719
74.1015
135.6696
99.8931
99.6004
101.4513
53.7453
91.1604
115.9337
90.9003
101.7321
114.0479
81.7299
122.3774
98.6945
73.6777
82.9217
112.4164
111.3566
95.2748
62.7746
120.951
114.8788
63.0048
96.3054
124.7846
113.9036
90.7137
110.8795
50.9611
66.8888
136.4129
88.0242
75.9954
107.9141
101.1492
71.7175
95.7109
115.2673
101.1482
40.6778
90.4602
117.1434
97.7894
126.4538
115.2777
115.2323
71.7744
133.3311
103.7691
97.8764
80.2603
135.6243
106.0578
95.2581
86.3498
47.0894
71.6141
106.1797
101.6758
74.8392
138.2418
98.153
128.2531
45.6977
124.6738
88.8797
85.89
133.1751
66.552
91.9462
60.7867
101.4494
134.7904
85.52
121.1597
157.6141
92.5506
127.7281
103.7369
84.8443
105.0219
92.503
120.6233
86.8438
109.5381
84.7692
101.795
99.6684
86.0866
108.6509
118.2905
108.9475
57.7821
45.1747
59.552
115.9639
118.6482
116.487
96.4025
100.8042
67.6893
65.225
96.9101
93.6687
65.961
112.6075
112.3079
132.207
88.2731
82.2252
109.8608
101.0796
90.4378
101.5179
145.6643
150.8418
80.2317
109.1576
131.4745
81.7744
112.2785
92.8551
47.1148
114.0765
109.6987
100.0226
97.3422
105.7877
124.0503
65.6508
61.1342
106.7507
109.5079
42.1808
93.5186
94.2981
106.8643
86.9286
79.5446
75.6163
76.328
144.979
109.6602
99.2769
91.7028
100.209
105.6749
55.3849
103.1692
155.3243
112.4299
51.8587
149.7114
128.6687
124.95
109.4927
98.9322
105.8244
100.8313
86.0456
79.3741
131.12
87.8607
84.4493
90.2455
165.6649
76.4809
104.7816
86.4409
114.1959
122.3653
52.0842
113.6388
95.3832
143.1586
78.5233
85.4795
150.9153
111.955
98.7806
82.5873
120.0649
119.6018
135.8725
127.1583
72.9092
110.6743
82.2603
75.2775
53.1608
117.0691
114.9719
57.9715
116.5363
86.1329
50.8085
73.9469
92.6188
147.409
77.3299
146.9278
90.2951
56.4112
109.2315
117.089
87.3274
67.9944
66.8551
117.4206
87.8495
85.6071
102.7239
120.9629
107.0436
77.6427
88.2171
116.4025
127.4528
127.8237
132.1237
88.5486
121.1385
65.9456
93.2104
77.1619
111.0518
32.8586
77.4626
75.905
111.1057
102.8087
97.645
137.4185
108.1597
97.8369
85.7701
69.3647
73.3396
111.3539
98.9167
89.5295
64.7398
86.6337
110.7207
71.4662
133.9109
136.8007
97.6856
110.201
154.6079
70.0857
73.9046
96.1942
71.2564
105.0269
104.8517
64.077
136.3959
103.7899
95.0104
75.8543
63.4181
97.5755
73.2675
139.8549
111.3274
97.0403
75.2667
112.5547
65.4003
94.0969
100.7441
98.0485
108.4166
103.2422
89.3939
145.9038
158.3975
115.3342
77.7287
56.5311
94.0365
129.0834
156.1725
86.5368
112.6246
131.2261
144.5218
117.0961
142.2776
123.5193
127.9985
77.4635
112.3992
105.951
115.5743
92.0575
106.1584
99.2243
80.3497
87.7026
64.5143
103.6096
99.5643
83.7484
139.6408
107.0894
102.1348
135.955
122.3422
76.4656
110.8186
117.5765
90.5492
126.8667
154.0197
79.6987
96.7221
132.2597
68.443
97.3158
140.2452
46.4984
103.7776
59.5212
123.6114
112.6367
103.7159
119.7589
145.6204
80.4696
57.1732
103.8176
85.8382
83.7038
111.2793
106.0006
69.293
67.5671
104.5983
80.6389
89.5755
90.1968
86.7785
51.0187
103.8845
92.1627
119.5049
130.6329
84.0364
148.6912
93.9732
132.8821
101.4
91.1328
91.0564
99.1294
53.616
46.7263
125.25
109.5603
57.2919
117.0713
118.1678
139.745
99.523
86.3945
104.1973
129.9957
102.0375
85.7963
89.2986
77.1223
121.4054
80.8743
68.6898
90.6993
125.5582
117.6502
117.7483
97.0006
52.5611
94.4567
175.9621
99.2901
55.5459
107.408
110.2123
126.6357
96.165
131.2927
61.5222
58.8745
93.9526
130.42
89.1037
101.0708
117.1275
109.68
116.9253
135.3755
122.0251
101.0334
82.0197
84.2981
101.825
80.7098
74.8927
100.0388
105.7447
78.2521
106.9925
99.0685
100.5099
97.6686
118.6836
98.6015
61.2282
102.5709
111.7063
95.0713
87.2515
133.7423
32.4882
129.3134
153.4675
94.9009
105.2506
114.0754
88.7934
104.3388
135.735
133.8858
62.5409
147.3888
90.0319
62.4453
67.8143
119.5482
57.5942
82.0328
84.2127
151.3203
141.2793
94.5896
100.3742
120.1294
101.0075
137.2448
90.048
103.5629
96.3921
88.6502
130.594
81.53
116.7264
81.0758
129.7664
121.2293
82.3363
125.6069
102.6246
77.4074
59.9858
82.4523
66.7343
78.1562
110.0391
73.8535
100.6926
111.0839
39.061
104.7275
78.1807
117.9781
125.9391
110.5862
136.0205
131.2017
95.7081
145.8429
55.7413
82.5163
128.8596
111.0326
74.5253
86.4751
121.7105
104.221
167.4349
30.5934
110.2091
141.2789
131.2124
128.1615
83.4129
67.7896
102.8372
69.2724
108.4811
124.1503
114.8156
65.1184
107.0498
90.6978
119.8616
147.341
96.6861
83.6901
110.1404
107.5258
108.401
97.6989
103.5793
93.3663
76.9237
83.1951
80.7337
59.1194
72.7083
129.0111
94.3954
92.6177
78.763
121.1191
120.1488
118.4597
90.4671
98.0193
66.7705
90.1577
73.739
132.0958
101.6265
69.4726
114.0271
87.2888
85.999
139.0705
84.2114
84.5839
114.6274
69.4089
100.7072
114.9335
95.8063
79.216
112.4123
100.2381
72.9185
94.3227
94.2114
73.2301
152.0942
72.9539
103.3864
65.9778
90.1398
139.7545
105.2657
102.12
100.1793
96.5668
85.9187
159.0035
71.8321
102.1749
92.8254
117.4509
127.086
127.664
83.0771
130.5873
124.0984
113.1425
96.6323
52.7214
92.7082
121.1383
91.9951
97.1105
63.5146
59.7167
110.7599
137.4311
96.0778
76.925
84.9233
126.8026
88.5991
53.4948
108.1074
93.0812
78.4771
87.4002
66.8491
112.2758
114.2314
120.2231
85.5734
123.4773
58.3622
43.8241
105.0155
89.1224
75.4538
103.8846
145.732
102.9393
64.645
105.2679
48.6325
125.2735
145.0777
80.9633
119.4519
101.3711
85.1524
139.2599
141.368
89.9866
97.9495
144.677
64.2936
105.7002
103.9861
118.6232
116.0549
102.9201
123.1826
95.3966
35.3215
103.5771
83.7253
117.0535
122.6507
96.3696
119.6114
70.5511
131.025
89.3016
107.6797
89.5181
115.4132
54.0249
102.4926
83.2146
112.7128
65.9872
123.7396
122.5918
75.64
105.9632
86.8381
78.7915
87.8224
55.6732
79.0585
102.3787
127.7465
68.7604
79.6494
89.2042
158.7027
99.8197
92.7932
49.3916
72.6134
112.3043
131.1503
102.0196
138.4618
141.4186
132.3238
63.5714
40.2939
117.4179
73.9613
93.0081
63.1462
114.9871
82.0914
93.0302
101.4201
68.3567
70.8564
54.8211
97.6795
114.2584
78.5219
100.7373
125.1511
79.1515
60.818
87.1585
114.7354
113.766
61.9264
74.7041
74.9254
91.4828
133.6396
130.8192
111.6818
108.158
115.3765
91.2911
147.886
66.9075
107.7446
57.4449
114.9606
104.574
116.1094
107.002
116.4051
107.6106
81.3635
119.5209
114.7642
94.8557
75.8136
83.8838
104.8444
89.6455
47.3377
97.4512
102.5296
69.1375
98.0529
124.0415
105.1063
103.6371
105.0589
95.008
80.7333
96.1345
104.0518
104.1519
68.2425
133.5917
45.4123
77.9419
101.825
54.9411
149.4976
132.0164
115.4934
86.6906
78.0134
114.1489
147.5283
77.2107
100.5214
137.8037
135.5971
120.2731
140.163
117.1829
101.8662
76.1553
150.2931
84.6459
79.0209
131.3499
91.5947
115.7662
90.5029
94.7506
157.2412
85.9577
119.6359
112.0874
115.8189
90.9472
126.7993
108.6726
96.0935
104.7901
138.2893
101.5903
94.2034
81.3185
94.9242
76.7097
113.8653
105.6082
73.0198
82.2176
85.5416
103.8739
161.1053
110.883
53.3222
97.3817
97.9105
53.7872
104.6607
85.3827
120.5461
114.4588
114.3955
126.4105
91.5455
132.5118
107.5324
127.2793
94.8369
116.3154
103.6211
118.1574
51.8438
90.0969
125.6795
81.1839
72.2387
112.5251
134.1447
53.6724
40.9851
126.9621
109.5268
100.7838
107.9097
110.1479
85.2065
115.0878
84.1949
109.3606
140.7564
101.0105
84.3491
128.2579
108.9262
72.3143
113.0852
131.9728
117.2735
115.7308
107.0352
120.9534
118.2813
84.877
120.8182
102.6521
81.7217
105.7287
107.765
91.2775
100.0733
109.4302
61.4867
95.0239
108.3595
112.3403
93.5317
84.9822
125.0686
114.4062
108.1318
120.1651
82.8905
41.254
48.7385
82.1686
93.7871
106.1622
88.5759
93.6622
122.5586
103.7301
77.9653
68.3101
90.9575
120.6537
85.8008
85.7391
120.9037
111.8376
104.988
84.8465
116.1493
123.6907
103.5821
120.6525
131.0606
117.0579
68.8182
130.6152
75.5777
99.9108
69.7228
97.5824
133.4004
98.6648
67.3982
75.2878
110.7292
66.5894
67.3629
122.3503
68.6247
92.0291
90.7237
114.5977
84.6805
77.942
96.9575
122.888
104.2506
113.7077
125.9172
118.3404
118.2309
83.7299
118.5963
87.1772
78.3334
122.9863
111.9669
92.0127
102.1118
95.6607
92.0043
125.0928
106.3889
106.106
81.7248
108.874
134.9257
118.9457
97.7362
105.8149
122.7834
79.6377
93.7256
115.0167
111.3279
101.0315
124.2899
113.3955
87.4096
101.5516
120.5846
115.0361
46.4832
117.8915
151.393
77.8342
71.8472
89.9627
81.4588
54.1386
99.6814
64.1619
67.8026
89.5238
117.5239
104.6922
101.0469
61.103
99.2527
144.132
70.8934
136.8603
55.8171
85.3146
130.4214
76.7029
68.2693
79.9389
128.724
101.8955
123.0327
116.3366
102.9202
80.9067
64.9289
144.5419
99.4146
88.155
118.6251
105.4345
69.2166
112.3521
97.9579
112.7672
103.8583
87.7354
122.874
76.0209
89.4484
98.0282
126.3747
123.2957
102.0563
131.7698
63.3794
133.3325
102.3424
89.4263
108.625
62.6031
130.869
116.5414
127.3394
144.4944
105.7134
115.3384
20.494
102.8711
129.234
120.659
77.4404
90.3753
92.3679
102.0077
78.3216
127.1373
63.543
112.5594
107.2668
114.9277
68.6831
124.4195
87.9166
105.5498
111.3216
82.9463
114.6076
113.8827
108.4941
79.9012
81.1245
61.9948
76.3482
58.0827
84.5293
83.2729
102.4023
77.9732
165.0416
89.9185
52.8355
107.7061
114.3372
91.9283
87.0133
123.8235
139.6365
77.1244
73.4993
119.3117
94.7166
98.5999
69.3571
114.1785
132.8443
135.5656
116.1677
122.4659
80.8396
121.5814
107.8721
111.3759
113.3101
107.627
111.7976
134.9436
110.2017
85.6986
98.1536
140.0839
121.273
106.244
95.2111
103.9227
91.6853
113.6487
95.7885
57.6637
108.2369
53.6529
101.2298
70.6313
103.8562
112.6769
113.9232
85.419
115.6483
101.0133
108.9248
69.2367
109.3323
130.1201
128.8803
153.2287
64.3893
80.3571
98.2859
79.5547
82.7104
138.8119
85.3686
134.083
86.5449
85.0146
133.9853
108.3751
92.1294
71.8198
114.4724
127.448
84.3607
80.5163
114.9175
109.09
69.2472
102.7741
100.6826
155.1951
39.4104
120.2866
126.063
103.0222
87.226
96.1468
104.7931
109.888
99.4907
96.9355
73.9929
92.6351
99.2031
95.9292
124.075
85.2413
105.3569
115.1108
113.2468
69.0504
91.4524
142.36
61.7708
97.9645
147.9081
105.9972
87.0639
83.2457
77.8492
75.9241
78.053
102.5522
84.4731
93.7386
140.4677
76.1511
83.7078
133.0146
133.2829
98.8542
118.7052
91.7589
82.1599
72.3204
64.7221
102.9317
119.4674
97.7005
59.4387
100.1561
109.0189
110.8223
89.8473
71.4228
122.6568
113.5016
106.7195
53.4601
107.2606
70.8623
108.093
121.0776
94.5223
72.1745
46.7818
137.308
98.3347
102.6116
115.6929
39.952
106.3643
117.4353
111.7036
125.1925
109.6664
115.6079
93.7262
96.75
112.175
127.7707
113.186
75.9601
65.5553
72.5377
82.182
148.8201
98.3841
87.5045
105.4119
110.2616
142.6537
116.5522
87.7318
72.3547
111.2155
90.2519
96.4341
99.113
151.4211
111.5104
69.9996
78.5608
95.9544
117.4335
86.2092
122.578
114.6532
95.2762
102.0343
61.1447
91.5509
93.4932
64.3117
77.9216
113.1394
78.661
56.0026
95.1316
130.0974
64.8972
81.3016
125.398
99.3366
92.0894
108.5864
108.7414
114.1744
153.0095
54.4391
74.1154
92.0323
57.3433
59.3791
113.8051
43.3065
85.7429
118.3596
66.9552
106.4656
82.6312
85.2732
110.1629
126.3305
90.6309
83.1841
96.3401
155.5525
116.2763
95.808
81.2318
122.994
105.7594
119.9555
126.6624
111.869
101.3545
75.3928
54.8759
98.3559
71.7284
131.0734
81.3963
120.5467
90.538
75.0942
79.6881
81.0624
92.6221
113.3559
109.7548
109.1989
66.3182
114.2576
91.1072
69.477
112.6262
148.6035
101.7506
118.0593
91.107
84.7887
128.1657
66.8897
94.9295
90.4074
122.0491
147.9181
53.301
120.8474
54.9141
114.1488
87.7135
87.8187
71.7338
56.0122
95.0724
149.6319
147.3466
99.0603
117.6306
75.0195
106.5972
93.7205
93.3785
97.2034
93.089
63.0952
75.1984
83.14
129.8571
58.6988
94.2447
106.2289
67.6729
107.8993
65.051
137.7857
104.7357
56.53
97.2023
126.0788
58.0357
103.3687
123.9638
129.9533
117.645
90.5427
53.9116
77.4424
78.3741
73.4354
93.7728
61.2088
88.5861
62.1633
107.3543
105.2607
78.7951
47.3493
82.3611
85.4368
119.6244
91.0025
91.6457
88.8416
119.942
138.3739
83.7152
104.6405
93.3611
90.4756
68.6101
69.9099
92.3296
52.0477
96.9744
71.148
136.6675
128.5995
90.3354
96.4142
113.1222
58.5197
144.3212
120.0408
108.7286
98.7821
102.2387
110.9787
110.6162
142.672
134.907
75.8193
46.3025
152.1461
91.2252
157.4187
77.6796
93.6195
64.3311
114.3418
88.3696
140.6158
108.8954
82.0699
140.0398
60.4713
70.8865
84.1704
127.1986
92.9441
99.8923
118.2162
90.3986
105.4244
104.5313
65.9705
92.4406
80.0981
102.8181
96.537
78.3713
120.4199
105.5855
78.5849
107.1263
132.6508
82.0693
106.4025
123.6854
118.4344
101.8645
68.5463
105.3295
52.7155
121.1416
127.9223
128.5291
68.2713
140.9687
82.8452
152.574
131.5059
91.6164
46.8595
88.531
133.6339
99.1425
103.9881
68.6045
59.7636
62.5442
124.376
96.6651
110.6658
83.8433
117.5448
75.473
129.1961
91.2974
108.3085
85.4503
128.1592
66.3815
80.1791
114.413
136.0683
130.0457
85.653
118.6934
64.7106
60.0668
140.6842
70.8972
127.038
93.3716
146.8079
104.9978
126.1404
90.2753
106.1261
62.7214
112.9035
87.391
73.9794
56.8443
101.8733
97.8752
96.8837
89.5912
94.8321
139.4719
128.4164
111.5933
64.8052
148.9088
127.2369
99.5292
62.1802
121.2101
95.2423
126.3778
82.7601
116.5558
123.2747
95.5754
130.9273
67.7776
118.2324
114.8394
106.1485
91.6335
127.1292
101.3851
94.7219
93.1517
89.2109
85.8579
95.2132
104.8497
53.2
128.4671
91.4695
84.3873
117.4456
67.5486
110.882
98.8577
93.9526
97.3599
52.2374
156.4954
112.7811
91.6109
85.879
90.1112
132.8611
129.2684
112.2332
90.0702
123.8352
112.0824
109.5711
91.25
77.1537
87.5284
97.1051
92.4824
141.6928
140.141
100.6016
78.0359
119.3658
114.4663
107.519
111.5037
99.9389
119.9693
111.8749
108.3172
85.9713
129.0106
111.7849
107.5143
53.277
91.1279
103.7525
92.8342
86.382
123.06
121.1259
92.0791
134.3381
89.9788
66.6656
117.9073
88.4294
159.8953
75.8127
87.7948
65.3703
87.299
150.7796
87.5055
116.7009
90.568
116.4781
105.3277
161.4646
136.3968
96.2426
136.7517
118.7335
81.1974
101.5576
123.9518
65.9927
125.6764
96.5118
103.7876
113.5091
124.8839
101.8888
115.1048
124.1519
96.8297
115.0112
108.2768
96.5153
139.1546
72.3129
135.7876
92.9387
124.3953
72.4814
121.6504
129.5811
92.3976
116.5475
104.4481
90.4355
121.3451
109.4511
80.3984
68.641
96.6005
117.0538
72.7062
135.9163
91.3685
100.942
74.3631
59.3701
152.8245
84.0608
123.5186
70.2487
79.7462
112.0417
99.3335
124.9887
127.3269
142.8345
71.1835
103.2463
93.5911
73.9424
50.1911
117.973
112.5376
42.2175
74.9214
110.8966
92.9382
96.7627
83.1988
136.1525
106.7013
144.6033
83.6156
95.2398
75.4784
123.2034
76.4805
121.6702
136.832
96.1761
98.6537
91.5078
111.308
74.3848
103.9452
89.1366
83.7907
110.1874
110.3784
97.8029
96.5576
68.5872
135.0229
96.5442
107.2927
97.8755
91.1952
101.8193
90.856
114.4035
95.4582
73.6608
124.6881
83.3881
104.3261
78.3637
100.7537
114.6903
101.5818
97.5488
65.9698
133.6848
78.0909
89.7569
50.8749
116.7313
85.8136
91.5842
81.0015
94.8518
123.6416
69.0299
84.1004
112.4198
80.2168
76.5356
101.4445
118.8532
131.6456
48.5011
112.9327
105.7445
51.257
87.2399
110.0893
17.1848
65.5542
69.7329
100.0462
112.0354
90.8515
38.3328
73.0811
89.5663
69.8837
133.1763
128.8688
111.2987
86.1191
94.0624
67.7379
100.5036
88.0231
74.2072
117.8567
84.755
80.8772
92.5453
72.7075
54.5893
102.6801
112.1181
79.5196
100.4379
82.5047
115.937
104.1776
91.2436
96.6251
84.7806
110.1761
110.0689
82.4412
71.1218
88.3923
69.1401
110.5519
122.7722
97.7042
102.7969
52.0887
95.7862
139.6676
87.9379
57.9052
90.7607
69.7632
62.7964
79.9955
86.9173
84.455
78.1079
77.9202
115.6921
61.8576
116.0634
97.1414
75.2134
58.458
100.9978
75.1762
104.7499
113.5969
109.9847
141.0363
102.2946
78.7039
86.0563
92.9727
47.8385
78.2852
108.1641
85.5253
79.8727
100.2272
69.6587
62.1311
97.0909
43.7501
100.2382
95.4391
66.4993
93.2711
102.8977
85.3186
69.6755
127.8977
145.4082
89.947
112.0113
101.4844
92.955
142.4263
88.8302
132.1043
138.7898
72.0048
75.3839
81.3234
84.4293
72.5996
93.6178
88.3724
79.9391
116.674
74.7022
102.3235
110.7952
94.7805
93.7325
126.7998
62.7018
71.0734
143.0012
114.6899
146.2138
116.2426
101.7623
83.8836
122.7546
107.5935
149.1565
83.3501
88.2296
73.8369
126.7686
101.4504
96.8474
65.5053
137.4814
92.8588
84.1276
89.7362
92.6126
102.0189
76.2926
71.7069
122.3222
95.6847
86.8307
57.1992
94.59
90.8092
128.4939
134.4851
95.1232
111.0453
56.8311
96.1223
118.8255
133.4468
110.1213
88.8889
90.9737
87.2271
104.4423
76.2685
117.4733
34.2607
104.6392
104.406
82.2627
72.007
79.5357
53.1167
101.8756
100.6674
119.2559
64.6622
106.8165
66.1681
97.3392
84.3569
102.163
99.7493
72.0723
108.1276
58.4903
101.1888
138.6921
79.8015
98.2512
133.7828
132.5628
126.3602
105.6186
121.1634
83.0169
92.0603
129.297
76.4685
89.9253
98.8326
69.9851
105.1399
120.0577
109.6001
113.3555
157.765
80.0125
70.8393
125.8947
73.3083
152.1629
109.8959
79.4673
113.948
124.8128
78.444
110.7847
69.2688
116.8185
158.9341
73.9542
68.9033
139.7403
86.9199
101.4671
107.8935
122.2366
113.4911
60.259
140.4757
81.6382
123.9114
100.3989
87.7155
66.8551
80.9265
128.3674
33.2261
51.2837
94.3479
162.7095
86.5535
117.218
81.5277
82.6336
114.0954
106.0397
90.376
140.5012
99.5431
56.5809
116.8979
39.6396
64.0224
97.3615
103.7841
79.7177
90.3124
73.7367
110.9607
53.5187
141.5184
72.7896
100.3858
125.4348
55.6821
64.1326
90.5641
151.0122
127.7643
76.2264
89.9772
116.493
125.086
124.2299
46.4457
124.9861
118.5127
35.8653
74.8911
122.2653
59.2876
140.5124
124.4172
87.7297
95.2793
68.5393
90.8698
76.974
99.71
110.1459
121.5506
127.0513
103.544
94.6972
100.6373
86.1447
111.3886
99.1686
120.373
91.9015
74.0837
124.8752
113.1587
109.6149
92.2094
124.3417
103.7478
114.2734
63.2004
125.9552
89.6954
95.6105
78.9436
88.9065
110.2232
81.5878
43.0771
111.8228
132.8333
104.0231
59.7521
112.1355
109.6124
72.1876
92.1395
86.8273
112.1665
130.0187
148.2192
105.5557
104.1275
140.4907
71.6641
141.115
57.655
108.0547
111.9745
93.1175
123.8005
54.6716
119.1225
135.5415
92.4856
96.2383
97.545
97.9925
78.6937
106.1797
118.7268
64.4645
89.5214
118.1746
88.236
64.7268
99.6829
97.0674
107.3995
50.8682
76.6674
111.4531
116.635
79.53
109.0178
60.6514
114.337
119.6908
65.6217
77.6353
72.6815
114.9084
88.6268
80.4264
82.3114
75.4599
115.4671
70.5349
138.4185
145.9144
106.7516
90.0028
137.5228
95.2163
106.3972
111.3718
107.785
62.4698
93.2763
97.8018
107.1974
189.8827
155.4417
86.8922
67.7192
96.6953
102.9671
105.5771
108.2525
74.9586
99.1258
111.9332
111.4377
85.0681
123.4839
117.3375
76.3321
74.4864
113.5893
138.755
56.4602
103.4445
64.9835
85.3699
68.8569
129.186
129.991
105.8521
69.1694
115.5454
91.4962
128.5646
131.9784
89.6855
109.9705
22.931
87.1592
78.9792
102.2148
63.9616
82.0081
82.9569
77.7361
69.167
64.3798
129.391
119.9819
111.7374
73.2454
78.3843
114.7378
52.9471
122.58
115.4658
106.7031
111.5515
91.4369
105.2349
77.1636
111.6001
116.6186
98.4707
111.6465
159.1232
77.3252
61.9778
101.1282
116.9022
90.4245
91.5777
132.7892
77.218
88.7022
80.25
113.3354
78.6775
47.4611
94.0753
122.6473
108.5892
96.7635
93.0979
76.585
99.2248
86.1616
120.0105
96.0579
83.1845
139.581
80.5408
79.8889
88.114
64.254
64.8048
102.6666
54.89
52.2855
70.57
94.6265
146.5884
81.3793
70.407
101.5168
77.8521
120.4777
90.5172
83.7697
76.0573
138.1985
85.878
104.9988
95.0417
114.2776
100.3343
64.8213
114.4856
59.9884
71.0375
102.2876
106.1343
111.7895
80.7333
141.9952
128.1211
82.9744
94.0163
107.9626
68.1616
81.4803
113.216
95.7394
95.4362
91.746
122.3949
73.7948
97.6214
99.1086
96.7936
104.3146
88.5257
105.0933
76.2709
98.9505
121.8708
79.4924
65.5097
46.3154
102.9726
123.7845
100.5678
88.0972
90.9013
109.7366
78.6886
100.004
172.6261
94.2891
80.1805
99.862
42.0006
90.3935
112.3816
97.5727
112.3612
104.9035
118.726
109.1016
76.8392
102.9913
138.5938
129.8097
116.3648
92.6929
140.5035
89.5916
141.1626
138.2648
84.4078
103.611
104.8777
94.7323
56.1395
92.8105
90.2283
86.5115
121.3601
101.0899
64.0982
135.6908
111.6522
95.9169
34.2751
134.5686
94.6189
66.2296
86.5989
43.9201
123.1787
72.0423
109.6303
139.9757
108.9651
98.6333
76.9757
123.1289
84.4752
61.6138
136.0507
80.2994
46.499
71.7656
95.7126
100.6271
172.0501
113.4782
79.9833
98.2237
73.2442
117.9751
101.7254
120.0421
145.749
102.5646
43.5181
73.6799
147.6414
135.0278
100.3587
101.7654
103.5501
118.8094
125.7308
56.5839
90.3845
111.4243
84.0251
103.5871
116.1055
71.1626
116.761
129.3867
61.4775
121.7496
95.7944
142.7394
99.6424
98.4917
90.9388
80.527
135.8373
119.0309
78.0244
115.3045
102.1934
74.1509
146.1731
108.6724
94.8952
131.935
111.9385
103.6198
80.9737
121.6651
87.4651
111.2879
78.3402
150.8673
92.1388
137.4879
91.5187
131.1469
94.2225
53.5231
91.4317
96.5628
127.8309
129.9865
86.9135
84.8684
90.0451
111.1197
144.533
94.5027
119.8266
63.8501
88.0695
125.3377
69.6452
126.4551
92.5274
110.8523
83.8993
98.1435
108.5123
90.625
66.2377
104.7329
150.2114
92.2066
146.1356
116.3712
75.7035
79.4579
110.4143
99.7935
63.3889
111.5971
99.7244
52.3943
101.5527
138.8955
36.4513
131.0693
78.1465
123.0398
50.5511
137.2587
122.9001
113.2453
80.7338
149.212
104.3255
118.5568
25.8294
102.4267
60.073
106.2113
94.7781
86.1969
142.3744
114.0623
97.2354
82.6481
72.3394
104.0196
58.9577
119.3327
118.566
105.7791
94.2531
118.7357
110.0978
132.5557
99.3712
114.028
86.2829
127.5091
89.8874
71.9132
123.6233
103.3547
99.3017
77.6659
144.7743
99.443
84.9498
85.346
94.6863
112.822
91.5261
66.8685
91.6757
76.4117
99.2194
116.5664
109.8941
91.5019
146.6135
71.903
94.8897
90.0869
105.4305
115.5317
61.6751
96.5516
164.7049
66.7661
83.9671
133.0918
129.7886
108.8111
85.4287
132.0245
98.4695
125.51
113.9137
145.5029
107.2345
116.5946
101.4834
144.993
106.1796
111.5573
77.4071
122.7481
101.6248
115.4958
82.3103
89.4622
73.3115
122.3867
78.8287
86.6028
112.252
120.783
80.4776
102.6311
92.2114
78.0467
72.7493
116.5874
117.5501
91.6941
118.876
77.4243
106.828
92.8895
102.2768
97.4893
69.0816
107.0877
128.6201
96.9108
107.1269
80.4737
120.5699
152.6869
77.1418
118.1012
84.6792
105.9999
146.9273
62.3851
150.0824
111.1823
112.9901
132.5685
77.4048
71.2887
66.9321
64.0681
144.2064
92.9703
93.4788
134.5691
68.4588
95.4787
127.2926
131.2721
147.6577
133.9934
130.9111
66.6594
115.134
72.4611
76.1244
95.4733
121.7079
90.5905
109.2213
106.8736
89.8018
120.3591
68.6914
103.3383
54.5332
75.4012
115.2489
38.8669
104.1889
64.3733
62.2569
61.1331
147.0276
109.9334
49.9589
73.5835
57.8167
158.6535
84.0179
44.9414
81.4782
141.974
100.9879
103.6668
108.9892
50.6199
89.3615
83.843
72.204
60.9239
126.9163
123.4786
109.1754
86.636
118.9341
123.6031
70.2233
75.3939
118.9304
96.3727
108.1096
113.4101
98.1245
103.6731
88.7871
123.03
87.3828
72.5541
74.7215
106.1414
117.2838
106.9608
125.046
104.5735
107.581
149.1862
120.097
121.6911
112.2656
67.8919
102.9299
74.2685
93.9434
89.6363
110.543
84.1704
106.2338
102.9056
85.2546
110.6935
151.9908
57.0236
35.1272
99.5929
57.9126
115.5796
82.5911
95.3454
130.7742
92.4936
134.8277
108.0671
115.8136
120.0078
89.7823
125.7192
97.4561
106.0451
112.1103
105.4113
108.9139
99.6932
86.9109
147.0402
79.4553
113.1517
53.1474
110.9733
91.7375
142.3516
110.2506
107.4109
67.6772
88.1149
106.0522
77.9404
79.5507
180.8638
130.4812
76.6673
103.2417
93.8072
103.6457
106.3167
83.0666
115.1903
136.1738
123.4238
92.2553
140.6534
133.1536
99.6054
110.7953
122.5469
132.9811
66.4783
88.3652
72.8925
79.9521
129.5
146.4581
95.4043
108.0381
85.0693
54.1355
141.2748
157.0128
88.42
93.0608
126.0674
93.0048
96.7731
81.1643
95.7455
93.83
127.2256
69.5409
120.6337
121.9088
118.7438
97.7222
106.9881
109.3457
83.1836
84.2867
132.7327
138.805
141.7066
159.8103
141.811
101.2075
171.0496
105.8851
129.4428
95.3628
156.6341
132.5066
118.7546
76.7952
74.574
118.5512
103.5203
130.1446
120.2806
71.8931
124.5057
55.9511
112.108
112.9472
97.0439
73.0361
123.8846
104.7291
47.4218
74.5991
46.3096
137.0035
80.1735
131.815
102.5512
102.446
141.8826
39.1341
85.7919
65.6648
62.4855
117.9522
103.1327
117.6007
113.6678
87.5457
86.4115
89.1484
101.3662
139.212
46.0371
87.1892
77.8745
79.9707
119.6081
58.3198
135.5305
48.9007
65.182
105.2872
115.2998
91.7748
80.7969
103.1399
110.0526
77.3112
103.6098
74.0645
112.4701
84.846
107.3343
157.9645
131.6345
86.543
85.7323
99.7493
104.3251
110.8749
84.4137
95.8928
102.8034
84.9454
85.6313
117.7846
101.5236
131.3458
90.796
101.8417
74.0086
116.7259
59.702
53.867
153.353
63.2204
65.4013
53.4772
172.8572
80.7987
106.9057
131.6407
153.5989
127.9062
77.1697
106.1792
78.8012
123.4633
74.1549
65.389
104.4863
83.5862
88.2998
117.1728
102.7826
85.1349
53.6191
107.4006
99.9939
93.2054
90.527
72.7779
105.44
70.2983
122.4368
83.0598
117.8667
62.2871
90.9748
95.3221
102.527
117.6474
59.8822
126.3893
93.5296
80.4527
76.2567
102.5168
90.6569
72.8867
45.1102
110.0068
96.9574
66.3371
97.6086
111.8182
96.0046
78.9977
47.1905
120.5644
76.1977
98.8131
115.7361
118.2976
75.4909
91.3022
106.3704
78.657
91.9002
76.1269
130.6621
90.1874
98.4155
71.1688
77.9091
109.4714
146.9656
115.829
124.2837
125.8209
89.827
87.2886
138.676
61.221
118.0869
98.9533
125.167
123.9224
49.276
119.2481
70.0544
92.4682
96.5713
82.2001
91.8929
103.2757
93.5429
112.9055
111.9486
94.4946
62.8414
85.3623
100.7178
108.2975
60.8413
73.0801
127.6327
75.5825
82.6817
72.5148
128.7412
90.1166
93.3169
148.9479
89.6517
58.0315
105.9082
94.7808
134.1031
140.0261
89.749
118.0864
110.3827
118.7318
103.6043
25.2047
114.5402
104.4492
183.0666
115.0413
123.7428
112.9765
113.7871
86.5808
101.0182
102.2341
92.8505
126.9659
48.0463
75.7467
113.3702
117.926
77.8388
107.0524
65.4165
88.9502
119.929
90.0312
107.5821
129.0406
68.1388
86.5156
78.6256
86.1084
117.1646
99.4299
105.6634
53.7878
106.6825
124.5102
107.7623
69.5309
82.1807
113.3549
74.2574
81.8725
83.4123
114.072
129.4088
123.9003
87.9166
147.1768
126.4038
80.525
103.0604
90.0931
66.191
101.7315
119.4743
82.8741
66.4636
144.1814
116.8154
116.2149
41.0959
128.0219
50.6149
81.4295
61.7549
109.2996
77.509
103.2301
87.2308
111.919
80.8563
89.3105
114.6828
82.198
53.0187
112.988
81.8849
91.6539
119.1329
91.6129
57.3095
112.5307
80.0735
116.3492
102.1306
123.5921
106.2824
64.5046
64.0991
149.6066
77.663
111.5598
92.3562
119.0188
98.2384
78.5787
66.8644
118.7061
63.2679
93.6318
94.1368
82.0015
62.5166
99.6686
110.3896
100.5452
122.0308
54.848
105.3175
103.2329
66.4953
94.0415
79.223
144.9317
121.1559
84.7564
99.9955
83.4359
107.9867
74.3113
116.7534
96.2067
93.1546
127.2041
91.3194
95.8792
79.765
112.4332
112.1566
47.1302
71.7162
81.3042
114.3421
107.5863
100.1683
124.2828
146.9115
101.8273
122.8219
117.939
105.5033
64.624
115.0417
110.2794
104.3937
66.1945
106.8651
125.2641
55.6647
117.4406
125.9891
95.6931
74.1784
104.0266
89.5233
111.382
104.0648
106.1006
94.0136
46.4164
34.4491
126.9928
73.4971
103.5534
129.8067
110.6024
127.3659
64.9794
105.8261
72.4692
76.725
77.6639
80.139
94.3169
93.1204
98.5421
111.1486
118.8388
74.8919
139.2917
103.2801
75.0589
103.8521
127.954
127.0359
88.2595
97.2317
120.9933
130.0163
161.0114
97.5843
157.5255
121.3663
107.3409
132.1654
97.7814
132.7702
71.9697
90.8023
108.2299
89.8416
79.6104
48.2767
93.1738
117.2926
112.6103
95.0669
145.0336
115.5079
108.0357
119.3146
125.7083
100.3199
81.4333
112.1162
83.0668
55.1658
65.1024
140.2299
123.3743
85.8376
96.6549
147.3524
115.7338
140.0706
105.5591
79.1415
77.8522
93.0764
78.3033
92.002
85.8055
127.3635
145.4134
139.4911
98.1342
101.4175
126.9387
87.1217
66.7219
94.2188
118.753
115.5264
104.6934
75.1334
83
68.7415
112.3015
97.6613
117.7634
120.4904
74.5004
85.8765
90.2926
108.2218
109.7891
71.4739
176.8752
134.1304
51.2641
149.9662
89.1123
160.8198
93.4514
94.9934
98.1002
100.497
101.1116
97.0779
132.1533
98.7624
143.1027
104.9377
66.7396
69.1182
104.6975
107.436
52.5162
118.3881
99.7089
86.3473
155.9567
118.1084
126.003
58.6093
92.2965
122.1835
57.1873
53.1034
90.4174
160.4173
60.2866
93.2668
123.1998
85.1893
105.7273
99.7957
